procs -----------memory---------- ---swap-- -----io---- -system-- ------cpu-----
 r  b   swpd   free   buff  cache   si   so    bi    bo   in   cs us sy id wa st
11  0      0 470754880   2148 23846368    0    0     0     1    0    2  0  0 99  0  0
 1  0      0 470753856   2148 23847412    0    0     0    80 64375 124700  1  2 97  0  0
 1  0      0 470755232   2148 23847296    0    0     0     0 55848 119177  0  0 100  0  0
 3  0      0 470758080   2148 23847480    0    0     0     0 57155 120457  0  0 99  0  0
 4  0      0 470754976   2148 23847464    0    0     0    12 60615 131368  0  1 99  0  0
 9  0      0 470749248   2148 23847496    0    0     0    20 57976 122753  0  1 99  0  0
 1  0      0 470750560   2148 23847384    0    0     0    40 55281 119839  0  0 100  0  0
 4  0      0 470750464   2148 23847448    0    0     0   408 57330 120990  0  0 99  0  0
 2  0      0 470753024   2148 23847544    0    0     0     8 55572 118662  0  0 99  0  0
91  0      0 470075712   2148 23852736    0    0     0     8 67485 168903  7  2 91  0  0
16  0      0 470077280   2148 23856016    0    0     0    88 92307 341929 25  5 70  0  0
16  0      0 470035456   2148 23857188    0    0     0    20 97089 359221 27  5 68  0  0
19  0      0 469958656   2148 23856824    0    0     0    16 100081 356141 28  5 66  0  0
28  0      0 469244544   2148 23859104    0    0     0     0 92457 348607 28  4 69  0  0
 7  0      0 469012256   2148 23869364    0    0     0     0 101303 365004 27  5 68  0  0
 3  0      0 468839232   2148 23878008    0    0     0    16 102142 367727 27  5 68  0  0
10  0      0 468828416   2148 23912480    0    0     0     0 106719 366455 27  5 68  0  0
44  0      0 468690016   2148 24014636    0    0     0    12 99310 352108 27  5 68  0  0
49  0      0 468675872   2148 24014312    0    0     0     0 118140 346505 28  5 67  0  0
37  0      0 468551040   2148 24014476    0    0     0    20 144270 336237 30  5 65  0  0
54  0      0 468593952   2148 24017244    0    0     0     0 116762 395120 26  5 70  0  0
procs -----------memory---------- ---swap-- -----io---- -system-- ------cpu-----
 r  b   swpd   free   buff  cache   si   so    bi    bo   in   cs us sy id wa st
38  0      0 468558656   2148 24017428    0    0     0   108 137207 333914 34  7 60  0  0
61  0      0 468757632   2148 24018236    0    0     0    20 95511 335185 23  4 73  0  0
35  0      0 468891008   2148 24018944    0    0     0    12 93666 336117 23  4 73  0  0
18  0      0 469020992   2148 24018592    0    0     0     0 97273 347166 25  5 71  0  0
16  0      0 469116512   2148 24018060    0    0     0     0 103320 363315 26  5 69  0  0
22  0      0 468809984   2148 24019224    0    0     0   164 122136 401319 34  6 59  0  0
16  0      0 468530976   2148 24018852    0    0     0     0 96352 360021 26  4 70  0  0
 2  0      0 467951488   2148 24020068    0    0     0    20 92703 355374 27  4 69  0  0
 0  0      0 467799968   2148 24020328    0    0     0     0 95042 348133 27  5 68  0  0
 6  0      0 467804608   2148 24021840    0    0     0   384 94851 349716 26  5 69  0  0
38  0      0 467827968   2148 24022448    0    0     0    80 93767 343082 26  5 69  0  0
40  0      0 467976032   2148 24022284    0    0     0    48 93579 314629 23  5 72  0  0
47  0      0 468112704   2148 24021800    0    0     0    12 88895 309290 22  5 74  0  0
49  0      0 468281024   2148 24022068    0    0     0    16 90338 299398 22  5 73  0  0
56  0      0 468516736   2148 24021560    0    0     0     0 92099 323528 21  5 74  0  0
22  0      0 468647616   2148 24022180    0    0     0   152 102287 337127 28  5 68  0  0
31  0      0 468629312   2148 24021564    0    0     0   496 96637 360551 26  5 69  0  0
36  0      0 468502880   2148 24023260    0    0     0     0 119080 344406 36  7 57  0  0
14  0      0 468252832   2148 24030888    0    0     0    12 102298 365062 28  4 69  0  0
 4  0      0 467715648   2148 24030872    0    0     0  1660 99086 357199 27  4 69  0  0
14  0      0 467441344   2148 24032636    0    0     0    88 100144 357135 28  4 67  0  0
procs -----------memory---------- ---swap-- -----io---- -system-- ------cpu-----
 r  b   swpd   free   buff  cache   si   so    bi    bo   in   cs us sy id wa st
 4  0      0 470367776   2148 23941812    0    0     0     0 77344 169742  6  5 90  0  0
