procs -----------memory---------- ---swap-- -----io---- -system-- ------cpu-----
 r  b   swpd   free   buff  cache   si   so    bi    bo   in   cs us sy id wa st
29  0      0 476781440   2132 17971884    0    0     0     1    0    0  0  1 99  0  0
 4  0      0 476756704   2132 17971836    0    0     0     0 56300 121460  0  0 99  0  0
 2  0      0 476777824   2132 17971812    0    0     0     8 57664 121726  1  1 99  0  0
 4  0      0 476775104   2132 17971840    0    0     0    28 56163 121134  0  0 99  0  0
 3  0      0 476782400   2132 17971776    0    0     0     8 57919 119698  0  0 99  0  0
 6  0      0 476777920   2132 17971976    0    0     0    24 57629 124400  0  1 99  0  0
11  0      0 476749888   2132 17972508    0    0     0    24 69762 132739  2  4 95  0  0
 4  0      0 476760384   2132 17972504    0    0     0    16 59306 122357  1  1 98  0  0
 2  0      0 476757120   2132 17972572    0    0     0    16 56747 122266  1  1 99  0  0
35  0      0 476220288   2132 17973272    0    0     0   424 64257 142632  5  2 93  0  0
19  0      0 476078560   2132 17976504    0    0     0     0 98485 362069 29  6 65  0  0
20  0      0 476045472   2132 17980304    0    0     0    12 98661 359660 28  5 67  0  0
19  0      0 475804768   2132 17982108    0    0     0     0 96146 351752 28  5 67  0  0
42  0      0 475264320   2132 17981548    0    0     0   180 94571 355859 27  4 69  0  0
 3  0      0 474715744   2132 18006140    0    0     0     0 105735 387425 29  4 67  0  0
 1  0      0 474677440   2132 18034048    0    0     0     0 107305 379061 28  5 66  0  0
30  0      0 474628448   2132 18137904    0    0     0    24 102877 355326 26  5 69  0  0
54  0      0 474664576   2132 18139796    0    0     0     0 175094 323468 28  6 66  0  0
65  0      0 474573760   2132 18140736    0    0     0    72 106914 318512 29  5 65  0  0
75  0      0 474814848   2132 18140704    0    0     0     0 120150 347473 24  5 71  0  0
61  0      0 474950176   2132 18147744    0    0     0 71092 102807 349883 30  4 66  0  0
procs -----------memory---------- ---swap-- -----io---- -system-- ------cpu-----
 r  b   swpd   free   buff  cache   si   so    bi    bo   in   cs us sy id wa st
45  0      0 474711872   2132 18150956    0    0     0     0 118561 386330 31  4 65  0  0
21  0      0 474623392   2132 18156828    0    0     0    44 116347 379211 30  5 65  0  0
22  0      0 474705184   2132 18157400    0    0     0    56 111899 373842 35  5 61  0  0
28  0      0 474072800   2132 18158284    0    0     0    12 126078 355332 34  4 61  0  0
 6  0      0 473739072   2132 18159196    0    0     0  6984 108831 397079 32  5 63  0  0
18  0      0 473400672   2132 18161124    0    0     0    32 133705 381237 36  8 56  0  0
18  0      0 473218624   2132 18160788    0    0     0    12 103719 377551 33  6 61  0  0
41  0      0 473298784   2132 18161516    0    0     0    24 98500 343353 26  5 69  0  0
44  0      0 473391968   2132 18160060    0    0     0    20 94598 325612 24  5 71  0  0
46  0      0 473596672   2132 18160168    0    0     0     0 91691 295617 22  5 74  0  0
49  0      0 473751680   2132 18161772    0    0     0    12 93395 317736 23  5 72  0  0
37  0      0 474004672   2132 18162644    0    0     0     0 92478 322944 22  5 74  0  0
24  0      0 474150528   2132 18163844    0    0     0   128 97140 349286 26  5 69  0  0
47  0      0 474107680   2132 18161568    0    0     0     0 96765 360281 28  5 67  0  0
10  0      0 473537248   2132 18160852    0    0     0    16 99403 350119 28  4 68  0  0
 6  0      0 473256960   2132 18160776    0    0     0     0 104401 359282 29  5 66  0  0
 6  0      0 473188288   2132 18162372    0    0     0     0 114887 365529 39  6 55  0  0
 3  0      0 473139680   2132 18171812    0    0     0    76 115890 371825 32  5 64  0  0
11  0      0 473158528   2132 18174080    0    0     0   384 96830 355595 26  5 69  0  0
35  0      0 473218432   2132 18174264    0    0     0    20 101873 349405 27  5 68  0  0
49  0      0 473348480   2132 18174320    0    0     0     0 96533 306823 23  5 72  0  0
procs -----------memory---------- ---swap-- -----io---- -system-- ------cpu-----
 r  b   swpd   free   buff  cache   si   so    bi    bo   in   cs us sy id wa st
 1  0      0 476604000   2132 18079460    0    0     0    48 75613 201382  7  2 90  0  0
 4  0      0 476575680   2132 18078332    0    0     0  1148 56586 122582  0  0 99  0  0
