procs -----------memory---------- ---swap-- -----io---- -system-- ------cpu-----
 r  b   swpd   free   buff  cache   si   so    bi    bo   in   cs us sy id wa st
 6  0      0 476737792   2132 18191292    0    0     0     1    1    2  0  0 99  0  0
 1  0      0 476739488   2132 18191184    0    0     0    12 58059 122592  0  1 99  0  0
 2  0      0 476742304   2132 18191016    0    0     0    12 55429 121761  0  0 99  0  0
 4  0      0 476743328   2132 18191036    0    0     0    12 56396 119466  0  0 99  0  0
 3  0      0 476744192   2132 18191036    0    0     0     0 55745 122567  0  0 100  0  0
 2  0      0 476746176   2132 18191064    0    0     0     8 54634 119950  0  0 99  0  0
 0  0      0 476746496   2132 18191084    0    0     0     0 54204 117743  0  0 100  0  0
 1  0      0 476746112   2132 18191128    0    0     0    92 55761 120746  0  0 99  0  0
 1  0      0 476748000   2132 18191144    0    0     0     0 55823 120271  0  0 100  0  0
20  0      0 476156832   2132 18193500    0    0     0     0 69545 134516  5  3 92  0  0
19  0      0 476125152   2132 18196504    0    0     0    16 101532 376352 28  5 67  0  0
17  0      0 476081408   2132 18198244    0    0     0     0 95945 361364 27  5 67  0  0
 9  0      0 475446016   2132 18199960    0    0     0    20 107098 340134 29  4 66  0  0
 2  0      0 474769984   2132 18200940    0    0     0     0 96466 356508 28  3 69  0  0
 1  0      0 474721024   2132 18225768    0    0     0    20 112059 385267 29  5 66  0  0
 6  0      0 474723168   2132 18252172    0    0     0    24 107089 376615 27  5 68  0  0
38  0      0 474719136   2132 18357172    0    0     0    16 105526 342850 25  5 70  0  0
58  0      0 474736256   2132 18356108    0    0     0    44 97597 321742 27  5 68  0  0
67  0      0 474634880   2132 18356068    0    0     0   468 102349 332231 28  5 67  0  0
81  0      0 474825280   2132 18355644    0    0     0    12 116482 361921 24  5 71  0  0
39  0      0 474903488   2132 18361948    0    0     0 71092 100709 348055 30  5 65  0  0
procs -----------memory---------- ---swap-- -----io---- -system-- ------cpu-----
 r  b   swpd   free   buff  cache   si   so    bi    bo   in   cs us sy id wa st
31  0      0 475014560   2132 18364032    0    0     0   272 114579 356781 30  5 65  0  0
18  0      0 475122368   2132 18375676    0    0     0    16 126864 385711 28  5 66  0  0
12  0      0 474601248   2132 18375764    0    0     0    20 142798 368818 35  5 60  0  0
29  0      0 474083680   2132 18378880    0    0     0     0 112782 365992 35  4 61  0  0
10  0      0 473849408   2132 18379296    0    0     0  7000 101366 363307 29  5 66  0  0
 9  0      0 473357280   2132 18382236    0    0     0     0 118125 393409 36  7 57  0  0
28  0      0 473218720   2132 18382676    0    0     0    76 100516 368737 31  6 63  0  0
35  0      0 473341440   2132 18382848    0    0     0     0 94006 323114 24  5 71  0  0
34  0      0 473499008   2132 18381196    0    0     0     0 90808 286185 21  5 74  0  0
69  0      0 473670560   2132 18381800    0    0     0    16 93354 322095 23  5 72  0  0
34  0      0 473836480   2132 18381960    0    0     0     0 94195 316895 22  5 73  0  0
27  0      0 474061568   2132 18382428    0    0     0   124 96577 336360 24  5 71  0  0
16  0      0 474209088   2132 18383680    0    0     0    16 96143 346466 25  5 70  0  0
57  0      0 474089920   2132 18384308    0    0     0    20 92036 346618 26  4 70  0  0
94  0      0 473190912   2132 18384988    0    0     0     8 91251 349133 28  3 69  0  0
 5  0      0 473188480   2132 18386956    0    0     0    24 102193 367543 30  5 65  0  0
23  0      0 473159456   2132 18385664    0    0     0   100 125859 326264 41  5 54  0  0
34  0      0 473187136   2132 18385920    0    0     0     0 110242 371649 27  4 68  0  0
51  0      0 473268352   2132 18394900    0    0     0    44 111267 347588 27  4 69  0  0
49  0      0 473367584   2132 18394716    0    0     0     0 107531 317411 26  5 69  0  0
60  0      0 473541184   2132 18395204    0    0     0    28 103355 325159 24  5 71  0  0
procs -----------memory---------- ---swap-- -----io---- -system-- ------cpu-----
 r  b   swpd   free   buff  cache   si   so    bi    bo   in   cs us sy id wa st
 1  0      0 476585856   2132 18300200    0    0     0    32 72921 215571  9  3 88  0  0
 1  0      0 476589248   2132 18300152    0    0     0    48 57509 120167  1  1 99  0  0
 1  0      0 476590560   2132 18300152    0    0     0     0 55713 120415  0  0 99  0  0
 2  0      0 476588512   2132 18300168    0    0     0     8 60913 128178  1  1 99  0  0
 0  0      0 476588672   2132 18300180    0    0     0     0 56069 120160  0  0 100  0  0
 2  0      0 476580320   2132 18300464    0    0     0   292 59413 123556  0  1 99  0  0
