procs -----------memory---------- ---swap-- -----io---- -system-- ------cpu-----
 r  b   swpd   free   buff  cache   si   so    bi    bo   in   cs us sy id wa st
 4  0      0 91548720   2156 17957636    0    0     0     1    0    1  0  0 99  0  0
 3  0      0 91545984   2156 17957616    0    0     0     0 56955 119443  0  0 99  0  0
 1  0      0 91546752   2156 17957620    0    0     0    12 54743 120413  0  0 100  0  0
 3  0      0 91545696   2156 17957624    0    0     0     0 55091 122093  0  0 99  0  0
 1  0      0 91548624   2156 17957636    0    0     0     8 53505 118487  0  0 100  0  0
 7  0      0 91489072   2156 17958456    0    0     0    28 63543 126432  1  2 96  0  0
 2  0      0 91532000   2156 17958392    0    0     0    12 61808 123418  1  2 98  0  0
 3  0      0 91530736   2156 17958292    0    0     0    60 54654 118362  0  0 100  0  0
 1  0      0 91533344   2156 17958256    0    0     0     0 55928 123415  0  0 99  0  0
76  0      0 90751800   2156 17961688    0    0     0    12 68666 182189 11  3 87  0  0
36  0      0 90781312   2156 17965436    0    0     0     0 90053 322957 23  5 72  0  0
18  0      0 90739768   2156 17965832    0    0     0    16 93428 352511 27  5 69  0  0
16  0      0 90694248   2156 17966808    0    0     0    16 99314 355236 27  5 68  0  0
47  0      0 90292432   2156 17982052    0    0     0    16 104908 363849 27  5 68  0  0
 3  0      0 89518592   2156 18009092    0    0     0     0 114031 377855 29  4 67  0  0
 1  0      0 89502720   2156 18035436    0    0     0   532 110478 384544 27  5 68  0  0
17  0      0 89265952   2156 18123336    0    0     0     0 110706 356702 28  6 66  0  0
42  0      0 89324288   2156 18123284    0    0     0    44 100214 322787 28  5 68  0  0
46  0      0 89242752   2156 18124300    0    0     0   196 99809 319324 30  5 65  0  0
63  0      0 89437728   2156 18124396    0    0     0    24 115903 352627 24  5 71  0  0
64  0      0 89603760   2156 18130488    0    0     0 78068 115991 324123 29  4 67  0  0
procs -----------memory---------- ---swap-- -----io---- -system-- ------cpu-----
 r  b   swpd   free   buff  cache   si   so    bi    bo   in   cs us sy id wa st
39  0      0 89677328   2156 18133716    0    0     0    20 109825 357506 28  4 67  0  0
19  0      0 89808992   2156 18133808    0    0     0    28 94194 342489 25  5 71  0  0
16  0      0 89875920   2156 18133632    0    0     0     0 98713 357728 26  5 69  0  0
16  0      0 89658032   2156 18133308    0    0     0    24 96274 350574 27  4 69  0  0
 8  0      0 89252128   2156 18133700    0    0     0     0 97773 352400 28  4 68  0  0
 9  0      0 88729440   2156 18138596    0    0     0    24 134159 396924 37  6 57  0  0
12  0      0 88668664   2156 18138200    0    0     0    96 98384 357404 28  5 67  0  0
12  0      0 88654880   2156 18138408    0    0     0    20 97320 352970 27  5 68  0  0
35  0      0 88703888   2156 18139220    0    0     0     0 93352 337795 25  5 70  0  0
57  0      0 88745904   2156 18139548    0    0     0    16 90684 322380 24  4 72  0  0
50  0      0 88867264   2156 18138844    0    0     0     0 89032 305822 21  4 74  0  0
49  0      0 89025840   2156 18138808    0    0     0    48 93100 316000 23  5 72  0  0
62  0      0 89239504   2156 18137808    0    0     0    12 90393 322149 22  5 74  0  0
30  0      0 89367632   2156 18139296    0    0     0    24 94130 336489 25  5 71  0  0
26  0      0 89403760   2156 18139328    0    0     0     0 98611 354821 27  5 68  0  0
27  0      0 89333688   2156 18140896    0    0     0     0 107248 358418 30  5 65  0  0
11  0      0 88928544   2156 18139956    0    0     0    96 96694 352543 28  4 68  0  0
11  0      0 88572664   2156 18139768    0    0     0     0 108352 362140 38  5 57  0  0
10  1      0 88480232   2156 18144140    0    0     0    20 110892 373063 30  4 66  0  0
 5  0      0 88426416   2156 18146092    0    0     0     0 103543 361463 28  4 68  0  0
 6  0      0 88342656   2156 18147948    0    0     0    24 102519 366179 29  5 66  0  0
procs -----------memory---------- ---swap-- -----io---- -system-- ------cpu-----
 r  b   swpd   free   buff  cache   si   so    bi    bo   in   cs us sy id wa st
42  0      0 91414960   2156 18057460    0    0     0    68 68087 124187  1  2 97  0  0
 0  0      0 91419496   2156 18057432    0    0     0    36 56618 119282  0  0 100  0  0
 0  0      0 91421856   2156 18057444    0    0     0     0 55434 120753  0  0 100  0  0
 0  0      0 91423584   2156 18057488    0    0     0   564 56585 123623  0  0 99  0  0
 1  0      0 91419128   2156 18057368    0    0     0    12 58690 122902  1  1 98  0  0
