procs -----------memory---------- ---swap-- -----io---- -system-- ------cpu-----
 r  b   swpd   free   buff  cache   si   so    bi    bo   in   cs us sy id wa st
 3  0      0 476525984   2132 18268260    0    0     0     1    1    1  0  1 99  0  0
 6  0      0 476522528   2132 18268104    0    0     0     0 58569 120408  0  1 99  0  0
 1  0      0 476526432   2132 18267992    0    0     0    60 54079 120368  0  0 99  0  0
 5  0      0 476517920   2132 18267936    0    0     0     0 55184 120634  0  0 99  0  0
 2  0      0 476527968   2132 18267948    0    0     0     8 57161 123654  1  1 99  0  0
 2  0      0 476528576   2132 18267872    0    0     0     0 55679 119034  0  0 99  0  0
 1  0      0 476527008   2132 18267784    0    0     0     0 57493 120089  0  0 99  0  0
20  0      0 476532416   2132 18267784    0    0     0    20 56931 121825  0  0 99  0  0
 1  0      0 476532928   2132 18267748    0    0     0     0 57273 121126  0  1 99  0  0
68  0      0 475919040   2132 18270940    0    0     0     8 63703 156315  6  2 92  0  0
17  0      0 475873376   2132 18274224    0    0     0     0 97468 358956 27  5 68  0  0
16  0      0 475817760   2132 18273968    0    0     0    20 97012 356420 28  5 68  0  0
17  0      0 475693184   2132 18273836    0    0     0    68 102763 356509 29  5 66  0  0
 8  0      0 474805696   2132 18277044    0    0     0    16 94775 361606 29  4 68  0  0
24  0      0 474526784   2132 18295556    0    0     0     0 109447 377411 28  5 67  0  0
 3  0      0 474520672   2132 18316736    0    0     0    16 113099 372890 28  6 67  0  0
22  0      0 474427040   2132 18432088    0    0     0     0 111983 372244 27  6 68  0  0
66  0      0 474483712   2132 18432264    0    0     0 70560 108235 320648 27  5 68  0  0
55  0      0 474521344   2132 18433616    0    0     0    24 94606 326581 25  5 70  0  0
52  0      0 474517984   2132 18432652    0    0     0     0 103477 298803 28  6 65  0  0
57  0      0 474733568   2132 18439544    0    0     0    16 135496 383005 24  6 70  0  0
procs -----------memory---------- ---swap-- -----io---- -system-- ------cpu-----
 r  b   swpd   free   buff  cache   si   so    bi    bo   in   cs us sy id wa st
28  0      0 474781280   2132 18441192    0    0     0    64 104342 355124 34  5 61  0  0
20  0      0 474863136   2132 18443672    0    0     0  7096 99130 354254 28  4 68  0  0
45  0      0 474963616   2132 18443944    0    0     0     0 97128 355794 26  5 69  0  0
14  0      0 474917408   2132 18445440    0    0     0    24 96299 350251 26  6 68  0  0
 6  0      0 473977344   2132 18445332    0    0     0     0 93137 348603 27  3 70  0  0
71  0      0 473519872   2132 18447376    0    0     0     0 124111 397851 36  6 58  0  0
23  0      0 473593888   2132 18448696    0    0     0   548 98935 360437 29  5 66  0  0
43  0      0 473669696   2132 18448032    0    0     0     0 98359 342767 26  5 69  0  0
45  0      0 473791840   2132 18448552    0    0     0   500 91746 316490 23  5 72  0  0
51  0      0 473915296   2132 18448392    0    0     0     0 92121 300245 22  5 73  0  0
51  0      0 474094048   2132 18448156    0    0     0    12 93941 309976 23  5 72  0  0
70  0      0 474302528   2132 18449124    0    0     0    52 91105 318210 21  5 74  0  0
16  0      0 474470432   2132 18449304    0    0     0    48 93678 333096 24  5 71  0  0
22  0      0 474587488   2132 18449516    0    0     0     0 96668 358238 25  5 69  0  0
17  0      0 474626272   2132 18449848    0    0     0     0 96689 352093 26  5 69  0  0
17  0      0 473848672   2132 18451596    0    0     0    20 96719 364060 30  4 67  0  0
 4  0      0 473652288   2132 18451440    0    0     0    20 97428 359889 28  5 67  0  0
 4  0      0 473271328   2132 18451556    0    0     0    12 117196 362372 38  7 55  0  0
15  0      0 473277184   2132 18457796    0    0     0     0 103742 362531 31  5 64  0  0
35  0      0 473357696   2132 18456784    0    0     0    24 94510 332783 25  5 70  0  0
48  0      0 473394048   2132 18456204    0    0     0     0 106868 330592 27  5 68  0  0
procs -----------memory---------- ---swap-- -----io---- -system-- ------cpu-----
 r  b   swpd   free   buff  cache   si   so    bi    bo   in   cs us sy id wa st
 0  0      0 476398976   2132 18366916    0    0     0   216 72910 177672  5  2 93  0  0
 4  0      0 476400224   2132 18366760    0    0     0     0 55557 118720  0  0 99  0  0
 1  0      0 476402336   2132 18366736    0    0     0    36 57349 121130  0  0 99  0  0
