procs -----------memory---------- ---swap-- -----io---- -system-- ------cpu-----
 r  b   swpd   free   buff  cache   si   so    bi    bo   in   cs us sy id wa st
 2  0      0 106146960  30228 14372748    0    0     0     0    1    1  0  0 100  0  0
 0  0      0 106144672  30228 14372748    0    0     0     0 1712 2580  0  0 100  0  0
 0  0      0 106144416  30228 14372752    0    0     0     0 1398 2518  0  0 100  0  0
 0  0      0 106144608  30228 14372788    0    0     0     0 1506 2734  0  0 100  0  0
 0  0      0 106144608  30228 14372828    0    0     0    16 1537 2776  0  0 100  0  0
 0  0      0 106144640  30228 14372836    0    0     0     0 1420 2506  0  0 100  0  0
 0  0      0 106144664  30228 14372836    0    0     0     0 1490 2536  0  0 100  0  0
 0  0      0 106144664  30228 14372836    0    0     0     0 1527 2669  0  0 100  0  0
 0  0      0 106144912  30236 14372868    0    0     0   148 1418 2540  0  0 100  0  0
 0  0      0 106144912  30236 14372868    0    0     0    16 1465 2678  0  0 100  0  0
 0  0      0 106144912  30236 14372872    0    0     0     0 1378 2508  0  0 100  0  0
 0  0      0 106144720  30236 14372904    0    0     0     0 1546 2708  0  0 100  0  0
 1  0      0 106144744  30236 14372904    0    0     0     0 1400 2501  0  0 100  0  0
 1  0      0 106144880  30236 14372932    0    0     0     0 1440 2576  0  0 100  0  0
 1  0      0 106144880  30236 14372936    0    0     0    12 1459 2677  0  0 100  0  0
 1  0      0 106144848  30236 14372948    0    0     0     0 1522 2664  0  0 100  0  0
 1  0      0 106144880  30236 14372948    0    0     0     0 1461 2532  0  0 100  0  0
 0  0      0 106145000  30236 14372948    0    0     0     0 1607 2887  0  0 100  0  0
 0  0      0 106144448  30248 14372988    0    0     0    40 1431 2616  0  0 100  0  0
 0  0      0 105917040  30536 14601504    0    0 234732    12 17121 5320  0  0 100  0  0
 1  0      0 105908464  30560 14612572    0    0  4792     0 16533 3999  0  0 100  0  0
procs -----------memory---------- ---swap-- -----io---- -system-- ------cpu-----
 r  b   swpd   free   buff  cache   si   so    bi    bo   in   cs us sy id wa st
 0  0      0 105851272  30852 14669948    0    0 59676   368 35306 5354  0  0 100  0  0
 0  0      0 105788984  31020 14732816    0    0 63000     0 39016 5404  0  0 100  0  0
 0  0      0 105721616  31140 14800136    0    0 67288    52 41561 5610  0  0 100  0  0
 0  0      0 105649232  31252 14871704    0    0 71400    88 37284 5415  0  0 100  0  0
 0  0      0 105593232  31296 14931688    0    0 58092     0 38897 5232  0  0 100  0  0
 0  0      0 105520200  31372 15004316    0    0 73196     0 43265 5600  0  0 100  0  0
 0  0      0 105453080  31440 15070024    0    0 66788     0 41979 5697  0  0 100  0  0
 0  0      0 105378800  31512 15144908    0    0 75528    16 44438 5730  0  0 100  0  0
 0  0      0 105296520  31584 15227024    0    0 80936    12 43775 5831  0  0 100  0  0
 0  0      0 105223632  31652 15300464    0    0 72612     0 43485 5637  0  0 100  0  0
 0  0      0 105159064  31720 15364356    0    0 64580     0 39577 5601  0  0 100  0  0
 1  0      0 105089856  31788 15433120    0    0 68036     0 40136 5362  0  0 100  0  0
 0  0      0 105013768  31860 15509880    0    0 76616   396 42841 5667  0  0 100  0  0
 0  0      0 104953072  31920 15571460    0    0 61884    20 38602 5541  0  0 100  0  0
 2  0      0 104882720  31976 15641968    0    0 70200     0 41435 5602  0  0 100  0  0
 1  0      0 104817000  32048 15709232    0    0 66120     0 41400 5521  0  0 100  0  0
 1  0      0 104735968  32124 15788396    0    0 80972     0 41195 5572  0  0 100  0  0
 1  0      0 104661344  32212 15864464    0    0 75352   232 42994 5716  0  0 100  0  0
 0  0      0 104596368  32264 15928780    0    0 64564    16 40789 5774  0  0 100  0  0
 0  0      0 104509184  32352 16016788    0    0 86872     0 43795 5743  0  0 100  0  0
 0  0      0 104443384  32420 16082524    0    0 66244     0 42573 5486  0  0 100  0  0
procs -----------memory---------- ---swap-- -----io---- -system-- ------cpu-----
 r  b   swpd   free   buff  cache   si   so    bi    bo   in   cs us sy id wa st
 0  0      0 104362304  32492 16164972    0    0 80200     0 42025 5622  0  0 100  0  0
 0  0      0 104302880  32548 16222920    0    0 59704     0 41632 5709  0  0 100  0  0
 0  0      0 104227952  32616 16295480    0    0 72004    12 38927 5493  0  0 100  0  0
 0  0      0 104166192  32684 16358320    0    0 61764     0 40041 5344  0  0 100  0  0
 0  0      0 104089648  32752 16433768    0    0 75972     0 43573 5740  0  0 100  0  0
 0  0      0 104019864  32820 16503124    0    0 70212     0 40553 5654  0  0 100  0  0
 0  0      0 103943392  32908 16580760    0    0 75992     0 40678 5524  0  0 100  0  0
 0  0      0 103887840  32968 16636584    0    0 56496    52 37878 5398  0  0 100  0  0
 0  0      0 103818352  33008 16704416    0    0 68392     0 37871 5260  0  0 100  0  0
 0  0      0 103757184  33084 16766380    0    0 62028   248 37416 5442  0  0 100  0  0
 0  0      0 103688800  33168 16835164    0    0 68564     0 39195 5420  0  0 100  0  0
 0  0      0 103640944  33188 16883940    0    0 47636    52 37261 5259  0  0 100  0  0
 0  0      0 103558104  33272 16965996    0    0 82388    12 40895 5601  0  0 100  0  0
 0  0      0 103487824  33348 17035572    0    0 70220     0 42571 5693  0  0 100  0  0
 0  0      0 103415368  33428 17108164    0    0 71888     0 43586 5539  0  0 100  0  0
 0  0      0 103345184  33484 17178088    0    0 69944     0 38417 5330  0  0 100  0  0
 0  0      0 103287592  33552 17235756    0    0 57796    12 36586 5241  0  0 100  0  0
 0  0      0 103225840  33600 17297716    0    0 62512    12 42591 5708  0  0 100  0  0
 0  0      0 103152800  33664 17370496    0    0 72256     0 40105 5456  0  0 100  0  0
 1  0      0 103066400  33760 17458084    0    0 87572     0 46918 5833  0  0 100  0  0
 0  0      0 102999584  33832 17524568    0    0 65428     0 40720 5514  0  0 100  0  0
procs -----------memory---------- ---swap-- -----io---- -system-- ------cpu-----
 r  b   swpd   free   buff  cache   si   so    bi    bo   in   cs us sy id wa st
 0  0      0 102930224  33876 17592464    0    0 68396     0 43392 5854  0  0 100  0  0
 0  0      0 102854016  33960 17669600    0    0 76244    12 42129 5639  0  0 100  0  0
 0  0      0 102785280  34024 17737172    0    0 68160     0 43320 5579  0  0 100  0  0
 1  0      0 102718296  34088 17806376    0    0 68032     0 41718 5602  0  0 100  0  0
 0  0      0 102633480  34168 17890396    0    0 84432     0 42764 5708  0  0 100  0  0
 0  0      0 102562568  34228 17961068    0    0 70588   484 42473 5613  0  0 100  0  0
 0  0      0 102507080  34288 18016832    0    0 56124    16 40564 5588  0  0 100  0  0
 0  0      0 102434432  34364 18088440    0    0 72012     0 40516 5470  0  0 100  0  0
 1  0      0 102353896  34440 18167824    0    0 79872     0 41774 5616  0  0 100  0  0
 0  0      0 102290192  34496 18233584    0    0 64644     0 38848 5356  0  0 100  0  0
 0  0      0 102229648  34556 18293124    0    0 59708     0 41438 5465  0  0 100  0  0
 0  0      0 102153328  34640 18370304    0    0 76372    12 43851 5852  0  0 100  0  0
 0  0      0 102067392  34728 18458588    0    0 87384     0 47649 5931  0  0 100  0  0
 0  0      0 102001704  34780 18522732    0    0 63924     0 42857 5588  0  0 100  0  0
 0  0      0 101925904  34864 18597352    0    0 76588     0 43022 5530  0  0 100  0  0
 0  0      0 101840496  34928 18683240    0    0 84032     0 47100 5921  0  0 100  0  0
 0  0      0 101772168  35008 18750356    0    0 68304    12 44007 5855  0  0 100  0  0
 0  0      0 101717248  35064 18805680    0    0 55864     0 37079 5182  0  0 100  0  0
 0  0      0 101639680  35136 18883812    0    0 76724   116 39055 5409  0  0 100  0  0
 0  0      0 101581872  35184 18942396    0    0 58288     0 38141 5282  0  0 100  0  0
 1  0      0 101517376  35244 19005836    0    0 64060    52 39356 5535  0  0 100  0  0
procs -----------memory---------- ---swap-- -----io---- -system-- ------cpu-----
 r  b   swpd   free   buff  cache   si   so    bi    bo   in   cs us sy id wa st
 0  0      0 101442632  35324 19080560    0    0 74064    12 43842 5825  0  0 100  0  0
 0  0      0 101378992  35396 19144196    0    0 64072     0 40682 5460  0  0 100  0  0
 0  0      0 101313168  35456 19209972    0    0 66096     0 37488 5272  0  0 100  0  0
 0  0      0 101231264  35516 19291144    0    0 80316     0 43918 5855  0  0 100  0  0
 0  0      0 101168144  35588 19354952    0    0 64180    28 40739 5597  0  0 100  0  0
 0  0      0 101097088  35656 19425316    0    0 70072    12 38279 5381  0  0 100  0  0
 0  0      0 101028912  35716 19493356    0    0 67900     0 41459 5593  0  0 100  0  0
 0  0      0 100956528  35792 19566524    0    0 72140     0 41594 5703  0  0 100  0  0
 0  0      0 100899200  35836 19623920    0    0 58100     0 36225 5089  0  0 100  0  0
 0  0      0 100827912  35916 19694528    0    0 70336     0 40908 5526  0  0 100  0  0
 0  0      0 100751576  35992 19771332    0    0 76356    12 42334 5784  0  0 100  0  0
 1  0      0 100679280  36052 19842776    0    0 72124     0 40895 5565  0  0 100  0  0
 0  0      0 100621024  36124 19901152    0    0 58388     0 39710 5355  0  0 100  0  0
 0  0      0 100545664  36200 19975904    0    0 74084     0 37193 5299  0  0 100  0  0
 0  0      0 100484808  36252 20038756    0    0 61952    56 39429 5545  0  0 100  0  0
 0  0      0 100416232  36304 20105884    0    0 67964    16 41311 5743  0  0 100  0  0
 0  0      0 100344744  36384 20178028    0    0 71888     0 41246 5470  0  0 100  0  0
 0  0      0 100278176  36464 20243540    0    0 65872     0 38438 5316  0  0 100  0  0
 0  0      0 100226224  36508 20296616    0    0 52008     0 37895 5371  0  0 100  0  0
 1  0      0 100146376  36572 20377316    0    0 80140   412 42671 5766  0  0 100  0  0
 0  0      0 100057536  36664 20465376    0    0 88524    16 44270 5756  0  0 100  0  0
procs -----------memory---------- ---swap-- -----io---- -system-- ------cpu-----
 r  b   swpd   free   buff  cache   si   so    bi    bo   in   cs us sy id wa st
 0  0      0 100007936  36716 20514720    0    0 49496     0 39010 5447  0  0 100  0  0
 0  0      0 99934240  36796 20588312    0    0 74152     0 39963 5489  0  0 100  0  0
 0  0      0 99868376  36856 20653272    0    0 64460     0 39510 5537  0  0 100  0  0
 0  0      0 99807704  36912 20714800    0    0 61648     0 38200 5369  0  0 100  0  0
 0  0      0 99736744  36988 20784960    0    0 70044    24 40732 5681  0  0 100  0  0
 0  0      0 99666096  37080 20854852    0    0 69956     0 39368 5491  0  0 100  0  0
 0  0      0 99600400  37148 20921084    0    0 65804   132 39208 5558  0  0 100  0  0
 0  0      0 99529248  37208 20993092    0    0 72116     0 40272 5543  0  0 100  0  0
 0  0      0 99485696  37256 21037532    0    0 43176    36 35219 5139  0  0 100  0  0
 0  0      0 99405968  37348 21116048    0    0 79996    12 36186 5350  0  0 100  0  0
 0  0      0 99353536  37388 21168968    0    0 51540     0 35789 5322  0  0 100  0  0
 1  0      0 99295024  37456 21226544    0    0 58140    24 36609 5271  0  0 100  0  0
 0  0      0 99241488  37516 21279396    0    0 53592     0 34359 5167  0  0 100  0  0
 0  0      0 99179264  37588 21341160    0    0 61720    12 32466 5129  0  0 100  0  0
 1  0      0 99117864  37652 21403428    0    0 61228    12 33908 5368  0  0 100  0  0
 0  0      0 99061344  37708 21460348    0    0 56348     0 31999 5058  0  0 100  0  0
 0  0      0 99011184  37756 21510320    0    0 50224     0 34557 5154  0  0 100  0  0
 0  0      0 98954872  37824 21565756    0    0 56240    28 34740 5234  0  0 100  0  0
 0  0      0 98901056  37892 21620516    0    0 53560     0 32083 5197  0  0 100  0  0
 0  0      0 98853280  37940 21668356    0    0 47916    12 32380 5177  0  0 100  0  0
 0  0      0 98795536  38004 21725436    0    0 57088     0 29332 4845  0  0 100  0  0
procs -----------memory---------- ---swap-- -----io---- -system-- ------cpu-----
 r  b   swpd   free   buff  cache   si   so    bi    bo   in   cs us sy id wa st
 0  0      0 98757072  38044 21764972    0    0 39304     0 30791 5066  0  0 100  0  0
 0  0      0 98715552  38096 21806164    0    0 41108     0 28960 4908  0  0 100  0  0
 0  0      0 98659624  38160 21861748    0    0 55896   108 29594 4949  0  0 100  0  0
 0  0      0 98607912  38216 21913580    0    0 53340    16 28105 4805  0  0 100  0  0
 0  0      0 98564696  38264 21957148    0    0 43056     0 34308 5192  0  0 100  0  0
 0  0      0 98514784  38304 22005988    0    0 49208     0 27399 4834  0  0 100  0  0
 0  0      0 98476000  38352 22045044    0    0 39472     0 27265 4756  0  0 100  0  0
 0  0      0 98418088  38384 22102164    0    0 57888     0 31260 5165  0  0 100  0  0
 0  0      0 98382160  38444 22138952    0    0 37080    76 23561 4820  0  0 100  0  0
 0  0      0 98340336  38480 22179524    0    0 41428     0 23182 4787  0  0 100  0  0
 0  0      0 98300400  38524 22220088    0    0 41260     0 19921 4480  0  0 100  0  0
 0  0      0 98250512  38568 22270428    0    0 49340     0 21466 4644  0  0 100  0  0
 0  0      0 98202592  38616 22318508    0    0 47664   412 21333 4874  0  0 100  0  0
 1  0      0 98161232  38660 22359072    0    0 41140   104 20317 4904  0  0 100  0  0
 0  0      0 98113824  38716 22405640    0    0 47416     0 19196 4625  0  0 100  0  0
 0  0      0 98064848  38752 22457492    0    0 45604   156 19718 4726  0  0 100  0  0
 0  0      0 98025440  38796 22495800    0    0 39340     0 18755 4466  0  0 100  0  0
 0  0      0 97981128  38840 22540216    0    0 43052    36 19923 4821  0  0 100  0  0
 0  0      0 97942968  38868 22579292    0    0 39324    12 18736 4596  0  0 100  0  0
 0  0      0 97898080  38924 22623604    0    0 45872    12 20462 4661  0  0 100  0  0
 0  0      0 97848816  38972 22672436    0    0 49328     0 21637 4770  0  0 100  0  0
procs -----------memory---------- ---swap-- -----io---- -system-- ------cpu-----
 r  b   swpd   free   buff  cache   si   so    bi    bo   in   cs us sy id wa st
 0  0      0 97796376  39020 22725028    0    0 51632     0 22848 5000  0  0 100  0  0
 0  0      0 97744264  39076 22777288    0    0 51512    28 20961 4880  0  0 100  0  0
 0  0      0 97700336  39112 22820116    0    0 43812    12 19419 4716  0  0 100  0  0
 0  0      0 97659168  39156 22862184    0    0 41132     0 18728 4623  0  0 100  0  0
 0  0      0 97601872  39212 22919280    0    0 57676     0 23255 5203  0  0 100  0  0
 0  0      0 97550720  39264 22969612    0    0 51380     0 21861 4764  0  0 100  0  0
 0  0      0 97497232  39316 23024456    0    0 54016     0 22355 5019  0  0 100  0  0
 0  0      0 97447384  39364 23074792    0    0 49584    12 21033 4881  0  0 100  0  0
 0  0      0 97403976  39404 23116324    0    0 41000     0 18991 4687  0  0 100  0  0
 1  0      0 97350400  39452 23169668    0    0 53796     0 24335 4966  0  0 100  0  0
 0  0      0 97305840  39496 23214628    0    0 44208     0 20620 4665  0  0 100  0  0
 0  0      0 97265936  39536 23254584    0    0 39404    76 18059 4591  0  0 100  0  0
 1  0      0 97229096  39572 23292280    0    0 36976    16 16706 4656  0  0 100  0  0
 0  0      0 97187864  39612 23333400    0    0 41076     0 17002 4526  0  0 100  0  0
 0  0      0 97156000  39640 23365248    0    0 32872     0 16450 4422  0  0 100  0  0
 0  0      0 97117496  39688 23404248    0    0 39104    12 18927 4551  0  0 100  0  0
 1  0      0 97083312  39720 23438124    0    0 32800     0 14465 4510  0  0 100  0  0
 0  0      0 97040376  39772 23480276    0    0 42748    16 15848 4663  0  0 100  0  0
 0  0      0 97013600  39796 23507596    0    0 26664     0 9554 4300  0  0 100  0  0
 0  0      0 97013568  39796 23507540    0    0     0     0 1504 2590  0  0 100  0  0
 0  0      0 97013088  39796 23507880    0    0     0     0 1863 2826  0  0 100  0  0
