procs -----------memory---------- ---swap-- -----io---- -system-- ------cpu-----
 r  b   swpd   free   buff  cache   si   so    bi    bo   in   cs us sy id wa st
 2  0      0 304792288 222640 191587440    0    0     0    13    1    0  0  0 100  0  0
 0  0      0 304790176 222640 191587456    0    0     0     0 1651 2680  0  0 100  0  0
 0  0      0 304789920 222640 191587456    0    0     0    16 1461 2711  0  0 100  0  0
 0  0      0 304789920 222640 191587456    0    0     0    48 1460 2438  0  0 100  0  0
 0  0      0 304789920 222640 191587456    0    0     0     0 1311 2442  0  0 100  0  0
 0  0      0 304790048 222640 191587392    0    0     0     0 1512 2621  0  0 100  0  0
 0  0      0 304790272 222640 191587392    0    0     0     0 1489 2838  0  0 100  0  0
 0  0      0 304790272 222640 191587392    0    0     0    12 1454 2515  0  0 100  0  0
 0  0      0 304774016 222640 191587392    0    0     0     0 1321 2438  0  0 100  0  0
 1  0      0 304774528 222640 191587424    0    0     0     0 1463 2512  0  0 100  0  0
 1  0      0 304774528 222640 191587424    0    0     0   300 1440 2697  0  0 100  0  0
 1  0      0 304774496 222640 191587456    0    0     0     0 1509 2683  0  0 100  0  0
 1  0      0 304774528 222640 191587456    0    0     0    12 1360 2562  0  0 100  0  0
 1  0      0 304774528 222640 191587456    0    0     0    92 1445 2450  0  0 100  0  0
 0  0      0 304774528 222640 191587456    0    0     0     0 1401 2634  0  0 100  0  0
 0  0      0 304774528 222640 191587456    0    0     0     0 1500 2552  0  0 100  0  0
 0  0      0 304774528 222640 191587456    0    0     0     0 1339 2639  0  0 100  0  0
 0  0      0 304774528 222640 191587456    0    0     0    16 1576 2794  0  0 100  0  0
 0  0      0 304761696 222648 191587456    0    0     0    40 1387 2599  0  0 100  0  0
 0  0      0 304761696 222648 191587456    0    0     0     0 10658 4091  0  0 100  0  0
 0  0      0 304761024 222648 191587552    0    0     0     0 12214 3683  0  0 100  0  0
procs -----------memory---------- ---swap-- -----io---- -system-- ------cpu-----
 r  b   swpd   free   buff  cache   si   so    bi    bo   in   cs us sy id wa st
 0  0      0 304761024 222648 191587552    0    0     0     0 22928 4509  0  0 100  0  0
 0  0      0 304761728 222648 191587584    0    0     0    12 25583 4680  0  0 100  0  0
 0  0      0 304761952 222648 191587584    0    0     0     0 26993 4513  0  0 100  0  0
 0  0      0 304762208 222648 191587600    0    0     0     0 30713 4794  0  0 100  0  0
 0  0      0 304762816 222652 191587616    0    0     0    80 29725 4823  0  0 100  0  0
 0  0      0 304763488 222652 191587616    0    0     0     0 27228 4955  0  0 100  0  0
 0  0      0 304763520 222652 191587632    0    0     0    12 24623 4355  0  0 100  0  0
 1  0      0 304760288 222652 191587632    0    0     0     0 24229 4326  0  0 100  0  0
 0  0      0 304761472 222652 191587648    0    0     0     0 22493 4346  0  0 100  0  0
 0  0      0 304761504 222652 191587680    0    0     0     0 26159 4691  0  0 100  0  0
 0  0      0 304761824 222652 191587680    0    0     0     0 27601 4852  0  0 100  0  0
 0  0      0 304761824 222652 191587680    0    0     0    12 26135 4537  0  0 100  0  0
 0  0      0 304761792 222652 191587712    0    0     0   440 27722 4585  0  0 100  0  0
 0  0      0 304761952 222652 191587712    0    0     0     0 27598 4799  0  0 100  0  0
 0  0      0 304762304 222652 191587728    0    0     0     0 27411 4708  0  0 100  0  0
 1  0      0 304762880 222652 191587744    0    0     0     0 26309 4690  0  0 100  0  0
 1  0      0 304762880 222652 191587744    0    0     0    16 25165 4449  0  0 100  0  0
 1  0      0 304752768 222652 191587744    0    0     0     8 25696 4529  0  0 100  0  0
 0  0      0 304753280 222652 191587776    0    0     0     0 27948 4699  0  0 100  0  0
 0  0      0 304753248 222652 191587776    0    0     0   320 23434 4391  0  0 100  0  0
 1  0      0 304753536 222652 191587792    0    0     0     0 26013 4720  0  0 100  0  0
procs -----------memory---------- ---swap-- -----io---- -system-- ------cpu-----
 r  b   swpd   free   buff  cache   si   so    bi    bo   in   cs us sy id wa st
 0  0      0 304753856 222652 191587808    0    0     0    12 25515 4644  0  0 100  0  0
 1  0      0 304754240 222652 191587824    0    0     0    88 27806 4628  0  0 100  0  0
 0  0      0 304754304 222652 191587824    0    0     0     0 26994 4655  0  0 100  0  0
 0  0      0 304754528 222652 191587824    0    0     0     0 29288 4832  0  0 100  0  0
 0  0      0 304755072 222652 191587856    0    0     0     0 24802 4733  0  0 100  0  0
 1  0      0 304755072 222652 191587872    0    0     0    16 27393 4562  0  0 100  0  0
 0  0      0 304738624 222652 191587872    0    0     0     0 27844 4582  0  0 100  0  0
 0  0      0 304738944 222656 191587904    0    0     0    40 30506 4853  0  0 100  0  0
 0  0      0 304739520 222656 191587904    0    0     0     0 29375 4937  0  0 100  0  0
 0  0      0 304745216 222656 191587920    0    0     0     0 31339 5089  0  0 100  0  0
 0  0      0 304745216 222656 191587936    0    0     0    12 28189 4626  0  0 100  0  0
 0  0      0 304745408 222656 191587936    0    0     0     0 30306 4772  0  0 100  0  0
 0  0      0 304745760 222656 191587952    0    0     0     0 28738 4861  0  0 100  0  0
 0  0      0 304745760 222656 191587968    0    0     0     0 26306 4521  0  0 100  0  0
 1  0      0 304745472 222656 191587968    0    0     0    20 27359 4795  0  0 100  0  0
 0  0      0 304745920 222656 191587984    0    0     0     8 28040 4729  0  0 100  0  0
 1  0      0 304737184 222656 191588000    0    0     0     0 31680 5053  0  0 100  0  0
 0  0      0 304737984 222656 191588000    0    0     0     0 28096 4712  0  0 100  0  0
 0  0      0 304738016 222656 191588032    0    0     0     0 26761 4626  0  0 100  0  0
 0  0      0 304738016 222656 191588032    0    0     0    12 23475 4507  0  0 100  0  0
 0  0      0 304738208 222656 191588032    0    0     0     0 27247 4786  0  0 100  0  0
procs -----------memory---------- ---swap-- -----io---- -system-- ------cpu-----
 r  b   swpd   free   buff  cache   si   so    bi    bo   in   cs us sy id wa st
 0  0      0 304738208 222656 191588032    0    0     0    52 24654 4317  0  0 100  0  0
 1  0      0 304738208 222656 191588032    0    0     0     0 26739 4497  0  0 100  0  0
 0  0      0 304738208 222656 191588032    0    0     0     0 27305 4573  0  0 100  0  0
 0  0      0 304738208 222656 191588032    0    0     0    20 26072 4750  0  0 100  0  0
 0  0      0 304738112 222656 191588096    0    0     0     0 27330 4542  0  0 100  0  0
 0  0      0 304737056 222656 191588128    0    0     0   412 27167 4480  0  0 100  0  0
 0  0      0 304737472 222656 191588128    0    0     0     0 27467 4666  0  0 100  0  0
 0  0      0 304737728 222656 191588128    0    0     0   248 28034 4861  0  0 100  0  0
 0  0      0 304737600 222656 191588144    0    0     0    12 28089 4804  0  0 100  0  0
 0  0      0 304737632 222656 191588160    0    0     0     0 29998 4800  0  0 100  0  0
 0  0      0 304737568 222656 191588160    0    0     0    64 27265 4630  0  0 100  0  0
 0  0      0 304737568 222656 191588192    0    0     0     0 25016 4497  0  0 100  0  0
 0  0      0 304737568 222656 191588192    0    0     0     0 24136 4372  0  0 100  0  0
 0  0      0 304737760 222656 191588192    0    0     0    16 26106 4671  0  0 100  0  0
 0  0      0 304737792 222656 191588224    0    0     0     0 28156 4558  0  0 100  0  0
 0  0      0 304736992 222656 191588224    0    0     0     0 22128 4366  0  0 100  0  0
 0  0      0 304737472 222656 191588224    0    0     0     0 25337 4492  0  0 100  0  0
 0  0      0 304737472 222656 191588256    0    0     0    28 30928 4821  0  0 100  0  0
 1  0      0 304737440 222656 191588256    0    0     0    12 29249 4958  0  0 100  0  0
 0  0      0 304737792 222656 191588272    0    0     0     0 30233 5004  0  0 100  0  0
 0  0      0 304737600 222656 191588288    0    0     0     0 30044 4728  0  0 100  0  0
procs -----------memory---------- ---swap-- -----io---- -system-- ------cpu-----
 r  b   swpd   free   buff  cache   si   so    bi    bo   in   cs us sy id wa st
 0  0      0 304737568 222656 191588288    0    0     0     0 24750 4427  0  0 100  0  0
 0  0      0 304737568 222656 191588288    0    0     0     0 26942 4593  0  0 100  0  0
 0  0      0 304737504 222656 191588288    0    0     0    12 31656 5159  0  0 100  0  0
 0  0      0 304737504 222656 191588288    0    0     0     0 25825 4461  0  0 100  0  0
 0  0      0 304737696 222656 191588352    0    0     0     0 27430 4587  0  0 100  0  0
 0  0      0 304737824 222656 191588352    0    0     0     0 30998 4790  0  0 100  0  0
 0  0      0 304737824 222656 191588352    0    0     0     0 28172 4749  0  0 100  0  0
 0  0      0 304737824 222656 191588368    0    0     0    12 26608 4749  0  0 100  0  0
 1  0      0 304737824 222656 191588384    0    0     0     0 31989 4877  0  0 100  0  0
 0  0      0 304737920 222656 191588400    0    0     0    36 27580 4694  0  0 100  0  0
 0  0      0 304737952 222656 191588416    0    0     0     0 26402 4561  0  0 100  0  0
 0  0      0 304737920 222656 191588432    0    0     0     0 28238 4620  0  0 100  0  0
 0  0      0 304738336 222656 191588432    0    0     0    12 29557 4948  0  0 100  0  0
 1  0      0 304738336 222656 191588432    0    0     0     0 29840 4812  0  0 100  0  0
 1  0      0 304738368 222656 191588448    0    0     0     0 26329 4715  0  0 100  0  0
 0  0      0 304737792 222656 191588480    0    0     0     0 27453 4584  0  0 100  0  0
 0  0      0 304737728 222656 191588480    0    0     0    84 28135 4656  0  0 100  0  0
 1  0      0 304737632 222656 191588496    0    0     0    12 29731 4913  0  0 100  0  0
 0  0      0 304737632 222656 191588512    0    0     0     0 29078 4947  0  0 100  0  0
 0  0      0 304737600 222656 191588512    0    0     0   516 27365 4547  0  0 100  0  0
 0  0      0 304738112 222656 191588512    0    0     0     0 26437 4507  0  0 100  0  0
procs -----------memory---------- ---swap-- -----io---- -system-- ------cpu-----
 r  b   swpd   free   buff  cache   si   so    bi    bo   in   cs us sy id wa st
 1  0      0 304738080 222656 191588544    0    0     0     0 27981 4638  0  0 100  0  0
 0  0      0 304736928 222656 191588544    0    0     0    16 28836 5003  0  0 100  0  0
 0  0      0 304736960 222656 191588560    0    0     0     0 29487 4686  0  0 100  0  0
 0  0      0 304737088 222656 191588576    0    0     0     0 29565 4674  0  0 100  0  0
 0  0      0 304737088 222656 191588576    0    0     0     0 24379 4525  0  0 100  0  0
 0  0      0 304737088 222656 191588576    0    0     0     0 26860 4744  0  0 100  0  0
 0  0      0 304736832 222656 191588608    0    0     0    12 27948 4838  0  0 100  0  0
 0  0      0 304737088 222656 191588624    0    0     0     0 28095 4597  0  0 100  0  0
 0  0      0 304737056 222656 191588640    0    0     0     0 33174 5004  0  0 100  0  0
 0  0      0 304737056 222660 191588640    0    0     0    28 32856 5019  0  0 100  0  0
 0  0      0 304737024 222660 191588656    0    0     0     0 32518 4960  0  0 100  0  0
 0  0      0 304737024 222660 191588672    0    0     0    28 32268 5096  0  0 100  0  0
 0  0      0 304737280 222660 191588672    0    0     0     0 31381 4818  0  0 100  0  0
 0  0      0 304736864 222660 191588688    0    0     0     0 35134 5253  0  0 100  0  0
 0  0      0 304737024 222660 191588704    0    0     0    32 34689 5001  0  0 100  0  0
 0  0      0 304736768 222660 191588704    0    0     0     0 32475 4957  0  0 100  0  0
 0  0      0 304736896 222660 191588720    0    0     0    12 32497 5156  0  0 100  0  0
 0  0      0 304736512 222660 191588736    0    0     0     0 33310 5119  0  0 100  0  0
 0  0      0 304736640 222660 191588736    0    0     0    44 35440 5063  0  0 100  0  0
 0  0      0 304736544 222660 191588736    0    0     0     0 34133 4983  0  0 100  0  0
 0  0      0 304736896 222660 191588768    0    0     0    48 37309 5424  0  0 100  0  0
procs -----------memory---------- ---swap-- -----io---- -system-- ------cpu-----
 r  b   swpd   free   buff  cache   si   so    bi    bo   in   cs us sy id wa st
 0  0      0 304736896 222660 191588784    0    0     0    12 31750 5240  0  0 100  0  0
 0  0      0 304737056 222660 191588784    0    0     0     0 38286 5169  0  0 100  0  0
 0  0      0 304737408 222660 191588800    0    0     0     0 38026 5214  0  0 100  0  0
 0  0      0 304737408 222660 191588816    0    0     0     0 37354 5312  0  0 100  0  0
 0  0      0 304737728 222660 191588832    0    0     0   156 28611 4980  0  0 100  0  0
 0  0      0 304737664 222660 191588832    0    0     0    12 37842 5460  0  0 100  0  0
 0  0      0 304737824 222660 191588832    0    0     0     0 34977 5230  0  0 100  0  0
 0  0      0 304738176 222660 191588864    0    0     0    92 30538 4910  0  0 100  0  0
 0  0      0 304738112 222660 191588880    0    0     0     0 35151 5527  0  0 100  0  0
 0  0      0 304738528 222664 191588880    0    0     0    68 35803 5387  0  0 100  0  0
 0  0      0 304738528 222664 191588896    0    0     0    16 34348 5606  0  0 100  0  0
 0  0      0 304738624 222664 191588928    0    0     0     0 31953 5373  0  0 100  0  0
 0  0      0 304738752 222664 191588928    0    0     0   412 32962 5441  0  0 100  0  0
 0  0      0 304739072 222664 191588928    0    0     0     0 29048 5286  0  0 100  0  0
 1  0      0 304739168 222664 191588960    0    0     0     0 31872 5416  0  0 100  0  0
 0  0      0 304738976 222668 191588960    0    0     0    52 32086 5656  0  0 100  0  0
 0  0      0 304739072 222668 191588960    0    0     0     0 32087 5634  0  0 100  0  0
 0  0      0 304739072 222668 191588992    0    0     0     0 33782 5524  0  0 100  0  0
 0  0      0 304739136 222668 191589008    0    0     0     0 31839 5496  0  0 100  0  0
 0  0      0 304739200 222668 191589008    0    0     0     0 28885 5329  0  0 100  0  0
 1  0      0 304739232 222668 191589008    0    0     0    12 31923 5587  0  0 100  0  0
procs -----------memory---------- ---swap-- -----io---- -system-- ------cpu-----
 r  b   swpd   free   buff  cache   si   so    bi    bo   in   cs us sy id wa st
 0  0      0 304739296 222668 191589008    0    0     0     0 28489 5171  0  0 100  0  0
 0  0      0 304738944 222668 191589040    0    0     0     0 32134 5382  0  0 100  0  0
 0  0      0 304738944 222668 191589056    0    0     0    96 30434 5380  0  0 100  0  0
 0  0      0 304739008 222668 191589056    0    0     0     0 30821 5656  0  0 100  0  0
 0  0      0 304739008 222668 191589056    0    0     0    12 26254 5083  0  0 100  0  0
 0  0      0 304739136 222668 191589056    0    0     0     0 28255 5069  0  0 100  0  0
 0  0      0 304739200 222668 191589088    0    0     0    32 28777 5142  0  0 100  0  0
 0  0      0 304739072 222668 191589120    0    0     0     0 30315 5438  0  0 100  0  0
 1  0      0 304739136 222668 191589120    0    0     0     0 32497 5484  0  0 100  0  0
 0  0      0 304739072 222668 191589120    0    0     0    12 27368 5277  0  0 100  0  0
 0  0      0 304739072 222668 191589152    0    0     0     0 29346 5303  0  0 100  0  0
 0  0      0 304739200 222668 191589152    0    0     0     0 29814 5581  0  0 100  0  0
 1  0      0 304739168 222668 191589152    0    0     0     0 35229 5700  0  0 100  0  0
 1  0      0 304739232 222668 191589152    0    0     0   144 31109 5555  0  0 100  0  0
 0  0      0 304739264 222668 191589184    0    0     0    12 30380 5751  0  0 100  0  0
 0  0      0 304739392 222668 191589200    0    0     0     0 29169 5598  0  0 100  0  0
 0  0      0 304739264 222668 191589200    0    0     0    72 32770 5739  0  0 100  0  0
 0  0      0 304739168 222668 191589216    0    0     0     0 25062 5375  0  0 100  0  0
 0  0      0 304739264 222668 191589216    0    0     0     0 18961 5600  0  0 100  0  0
 0  0      0 304739264 222668 191589216    0    0     0    16 3142 3507  0  0 100  0  0
 0  0      0 304739264 222668 191589216    0    0     0     0 1774 2649  0  0 100  0  0
procs -----------memory---------- ---swap-- -----io---- -system-- ------cpu-----
 r  b   swpd   free   buff  cache   si   so    bi    bo   in   cs us sy id wa st
 1  0      0 304733024 222668 191589216    0    0     0    12 2228 3102  0  0 100  0  0
