1 0.00 0.50 0.09 3.94 2.61 92.57 47.18 0.01 3.26 0.81 3.32 0.09 0.04
2 0.00 0.00 0.00 0.00 0.00 0.00 0.00 0.00 0.00 0.00 0.00 0.00 0.00
3 0.00 0.00 0.00 3.00 0.00 8.00 5.33 0.00 0.00 0.00 0.00 0.00 0.00
4 0.00 0.00 0.00 0.00 0.00 0.00 0.00 0.00 0.00 0.00 0.00 0.00 0.00
5 0.00 0.00 0.00 10.00 0.00 104.00 20.80 0.00 0.10 0.00 0.10 0.10 0.10
6 0.00 5.00 0.00 30.00 0.00 376.00 25.07 0.02 0.53 0.00 0.53 0.03 0.10
7 0.00 0.00 0.00 0.00 0.00 0.00 0.00 0.00 0.00 0.00 0.00 0.00 0.00
8 0.00 0.00 0.00 3.00 0.00 8.00 5.33 0.00 0.00 0.00 0.00 0.00 0.00
9 0.00 0.00 0.00 0.00 0.00 0.00 0.00 0.00 0.00 0.00 0.00 0.00 0.00
10 0.00 0.00 0.00 14.00 0.00 180.00 25.71 0.00 0.07 0.00 0.07 0.07 0.10
11 0.00 0.00 0.00 0.00 0.00 0.00 0.00 0.00 0.00 0.00 0.00 0.00 0.00
12 0.00 0.00 0.00 3.00 0.00 8.00 5.33 0.00 0.33 0.00 0.33 0.33 0.10
13 0.00 0.00 0.00 0.00 0.00 0.00 0.00 0.00 0.00 0.00 0.00 0.00 0.00
14 0.00 0.00 0.00 3.00 0.00 8.00 5.33 0.00 0.00 0.00 0.00 0.00 0.00
15 0.00 0.00 0.00 6.00 0.00 24.00 8.00 0.00 0.00 0.00 0.00 0.00 0.00
16 0.00 0.00 0.00 0.00 0.00 0.00 0.00 0.00 0.00 0.00 0.00 0.00 0.00
17 0.00 0.00 0.00 3.00 0.00 8.00 5.33 0.00 0.00 0.00 0.00 0.00 0.00
18 0.00 0.00 0.00 0.00 0.00 0.00 0.00 0.00 0.00 0.00 0.00 0.00 0.00
19 0.00 0.00 0.00 3.00 0.00 8.00 5.33 0.00 0.00 0.00 0.00 0.00 0.00
20 0.00 0.00 0.00 2.00 0.00 40.00 40.00 0.00 0.00 0.00 0.00 0.00 0.00
21 0.00 0.00 0.00 3.00 0.00 8.00 5.33 0.00 0.00 0.00 0.00 0.00 0.00
22 0.00 0.00 0.00 6.00 0.00 16.00 5.33 0.00 0.00 0.00 0.00 0.00 0.00
23 0.00 0.00 0.00 3.00 0.00 8.00 5.33 0.00 0.00 0.00 0.00 0.00 0.00
24 0.00 0.00 0.00 0.00 0.00 0.00 0.00 0.00 0.00 0.00 0.00 0.00 0.00
25 0.00 0.00 0.00 12.00 0.00 80.00 13.33 0.00 0.00 0.00 0.00 0.00 0.00
26 0.00 0.00 0.00 3.00 0.00 12.00 8.00 0.00 0.00 0.00 0.00 0.00 0.00
27 0.00 0.00 0.00 0.00 0.00 0.00 0.00 0.00 0.00 0.00 0.00 0.00 0.00
28 0.00 0.00 0.00 3.00 0.00 8.00 5.33 0.00 0.00 0.00 0.00 0.00 0.00
29 0.00 0.00 0.00 0.00 0.00 0.00 0.00 0.00 0.00 0.00 0.00 0.00 0.00
