1 0.00 0.45 0.14 3.99 2.64 94.73 47.12 0.01 3.20 0.67 3.29 0.09 0.04
2 0.00 0.00 0.00 0.00 0.00 0.00 0.00 0.00 0.00 0.00 0.00 0.00 0.00
3 0.00 0.00 0.00 4.00 0.00 40.00 20.00 0.00 0.25 0.00 0.25 0.25 0.10
4 0.00 0.00 0.00 0.00 0.00 0.00 0.00 0.00 0.00 0.00 0.00 0.00 0.00
5 0.00 0.00 0.00 0.00 0.00 0.00 0.00 0.00 0.00 0.00 0.00 0.00 0.00
6 0.00 0.00 0.00 3.00 0.00 8.00 5.33 0.00 0.00 0.00 0.00 0.00 0.00
7 0.00 0.00 0.00 0.00 0.00 0.00 0.00 0.00 0.00 0.00 0.00 0.00 0.00
8 0.00 0.00 0.00 6.00 0.00 20.00 6.67 0.00 0.00 0.00 0.00 0.00 0.00
9 0.00 0.00 0.00 0.00 0.00 0.00 0.00 0.00 0.00 0.00 0.00 0.00 0.00
10 0.00 0.00 0.00 3.00 0.00 8.00 5.33 0.00 0.00 0.00 0.00 0.00 0.00
11 0.00 0.00 0.00 0.00 0.00 0.00 0.00 0.00 0.00 0.00 0.00 0.00 0.00
12 0.00 0.00 0.00 3.00 0.00 8.00 5.33 0.00 0.33 0.00 0.33 0.33 0.10
13 0.00 0.00 0.00 4.00 0.00 64.00 32.00 0.00 0.00 0.00 0.00 0.00 0.00
14 0.00 3.00 0.00 29.00 0.00 388.00 26.76 0.01 0.45 0.00 0.45 0.03 0.10
15 0.00 0.00 0.00 3.00 0.00 8.00 5.33 0.00 0.33 0.00 0.33 0.33 0.10
16 0.00 0.00 0.00 0.00 0.00 0.00 0.00 0.00 0.00 0.00 0.00 0.00 0.00
17 0.00 0.00 0.00 9.00 0.00 56.00 12.44 0.00 0.00 0.00 0.00 0.00 0.00
18 0.00 0.00 0.00 17.00 0.00 120.00 14.12 0.00 0.00 0.00 0.00 0.00 0.00
19 0.00 0.00 0.00 3.00 0.00 12.00 8.00 0.00 0.00 0.00 0.00 0.00 0.00
20 0.00 0.00 0.00 0.00 0.00 0.00 0.00 0.00 0.00 0.00 0.00 0.00 0.00
21 0.00 0.00 0.00 3.00 0.00 8.00 5.33 0.00 0.00 0.00 0.00 0.00 0.00
22 0.00 0.00 0.00 0.00 0.00 0.00 0.00 0.00 0.00 0.00 0.00 0.00 0.00
23 0.00 0.00 0.00 2.00 0.00 12.00 12.00 0.00 0.00 0.00 0.00 0.00 0.00
24 0.00 0.00 0.00 3.00 0.00 8.00 5.33 0.00 0.00 0.00 0.00 0.00 0.00
25 0.00 0.00 0.00 0.00 0.00 0.00 0.00 0.00 0.00 0.00 0.00 0.00 0.00
26 0.00 0.00 0.00 3.00 0.00 8.00 5.33 0.00 0.33 0.00 0.33 0.33 0.10
27 0.00 0.00 0.00 0.00 0.00 0.00 0.00 0.00 0.00 0.00 0.00 0.00 0.00
28 0.00 0.00 0.00 11.00 0.00 164.00 29.82 0.00 0.00 0.00 0.00 0.00 0.00
29 0.00 0.00 0.00 0.00 0.00 0.00 0.00 0.00 0.00 0.00 0.00 0.00 0.00
30 0.00 0.00 0.00 3.00 0.00 8.00 5.33 0.00 0.33 0.00 0.33 0.33 0.10
31 0.00 0.00 0.00 0.00 0.00 0.00 0.00 0.00 0.00 0.00 0.00 0.00 0.00
32 0.00 0.00 0.00 4.00 0.00 376.00 188.00 0.00 0.25 0.00 0.25 0.25 0.10
