1 0.00 0.47 0.15 3.93 2.73 93.69 47.31 0.01 3.33 0.72 3.43 0.09 0.04
2 0.00 0.00 0.00 0.00 0.00 0.00 0.00 0.00 0.00 0.00 0.00 0.00 0.00
3 0.00 0.00 0.00 3.00 0.00 12.00 8.00 0.00 0.00 0.00 0.00 0.00 0.00
4 0.00 0.00 0.00 2.00 0.00 48.00 48.00 0.00 0.00 0.00 0.00 0.00 0.00
5 0.00 0.00 0.00 3.00 0.00 8.00 5.33 0.00 0.33 0.00 0.33 0.33 0.10
6 0.00 0.00 0.00 0.00 0.00 0.00 0.00 0.00 0.00 0.00 0.00 0.00 0.00
7 0.00 0.00 0.00 3.00 0.00 8.00 5.33 0.00 0.00 0.00 0.00 0.00 0.00
8 0.00 0.00 0.00 3.00 0.00 8.00 5.33 0.00 0.33 0.00 0.33 0.33 0.10
9 0.00 0.00 0.00 8.00 0.00 28.00 7.00 0.00 0.12 0.00 0.12 0.12 0.10
10 0.00 0.00 0.00 0.00 0.00 0.00 0.00 0.00 0.00 0.00 0.00 0.00 0.00
11 0.00 0.00 0.00 0.00 0.00 0.00 0.00 0.00 0.00 0.00 0.00 0.00 0.00
12 0.00 4.00 0.00 33.00 0.00 416.00 25.21 0.02 0.58 0.00 0.58 0.06 0.20
13 0.00 0.00 0.00 0.00 0.00 0.00 0.00 0.00 0.00 0.00 0.00 0.00 0.00
14 0.00 0.00 0.00 12.00 0.00 152.00 25.33 0.00 0.00 0.00 0.00 0.00 0.00
15 0.00 0.00 0.00 0.00 0.00 0.00 0.00 0.00 0.00 0.00 0.00 0.00 0.00
16 0.00 0.00 0.00 9.00 0.00 56.00 12.44 0.00 0.00 0.00 0.00 0.00 0.00
17 0.00 0.00 0.00 0.00 0.00 0.00 0.00 0.00 0.00 0.00 0.00 0.00 0.00
18 0.00 0.00 0.00 3.00 0.00 8.00 5.33 0.00 0.00 0.00 0.00 0.00 0.00
19 0.00 0.00 0.00 0.00 0.00 0.00 0.00 0.00 0.00 0.00 0.00 0.00 0.00
20 0.00 0.00 0.00 3.00 0.00 16.00 10.67 0.00 0.00 0.00 0.00 0.00 0.00
21 0.00 0.00 0.00 3.00 0.00 8.00 5.33 0.00 0.33 0.00 0.33 0.33 0.10
22 0.00 0.00 0.00 0.00 0.00 0.00 0.00 0.00 0.00 0.00 0.00 0.00 0.00
23 0.00 0.00 0.00 3.00 0.00 12.00 8.00 0.00 0.33 0.00 0.33 0.33 0.10
24 0.00 0.00 0.00 0.00 0.00 0.00 0.00 0.00 0.00 0.00 0.00 0.00 0.00
25 0.00 0.00 0.00 17.00 0.00 116.00 13.65 0.00 0.06 0.00 0.06 0.06 0.10
26 0.00 0.00 0.00 0.00 0.00 0.00 0.00 0.00 0.00 0.00 0.00 0.00 0.00
27 0.00 0.00 0.00 3.00 0.00 8.00 5.33 0.00 0.00 0.00 0.00 0.00 0.00
28 0.00 0.00 0.00 0.00 0.00 0.00 0.00 0.00 0.00 0.00 0.00 0.00 0.00
29 0.00 0.00 0.00 0.00 0.00 0.00 0.00 0.00 0.00 0.00 0.00 0.00 0.00
30 0.00 0.00 0.00 8.00 0.00 64.00 16.00 0.00 0.00 0.00 0.00 0.00 0.00
31 0.00 0.00 0.00 0.00 0.00 0.00 0.00 0.00 0.00 0.00 0.00 0.00 0.00
