1 0.00 0.52 0.15 3.95 2.86 93.85 47.23 0.01 3.24 0.69 3.34 0.09 0.04
2 0.00 0.00 0.00 0.00 0.00 0.00 0.00 0.00 0.00 0.00 0.00 0.00 0.00
3 0.00 0.00 0.00 3.00 0.00 8.00 5.33 0.00 0.00 0.00 0.00 0.00 0.00
4 0.00 0.00 0.00 3.00 0.00 52.00 34.67 0.00 0.00 0.00 0.00 0.00 0.00
5 0.00 0.00 0.00 6.00 0.00 16.00 5.33 0.00 0.17 0.00 0.17 0.17 0.10
6 0.00 0.00 0.00 3.00 0.00 8.00 5.33 0.00 0.33 0.00 0.33 0.33 0.10
7 0.00 0.00 0.00 0.00 0.00 0.00 0.00 0.00 0.00 0.00 0.00 0.00 0.00
8 0.00 0.00 0.00 3.00 0.00 8.00 5.33 0.00 0.00 0.00 0.00 0.00 0.00
9 0.00 0.00 0.00 1.00 0.00 32.00 64.00 0.00 0.00 0.00 0.00 0.00 0.00
10 0.00 0.00 0.00 3.00 0.00 8.00 5.33 0.00 0.33 0.00 0.33 0.33 0.10
11 0.00 0.00 0.00 0.00 0.00 0.00 0.00 0.00 0.00 0.00 0.00 0.00 0.00
12 0.00 0.00 0.00 3.00 0.00 8.00 5.33 0.00 0.00 0.00 0.00 0.00 0.00
13 0.00 0.00 0.00 0.00 0.00 0.00 0.00 0.00 0.00 0.00 0.00 0.00 0.00
14 0.00 0.00 0.00 3.00 0.00 16.00 10.67 0.00 0.00 0.00 0.00 0.00 0.00
15 0.00 0.00 0.00 4.00 0.00 12.00 6.00 0.00 0.25 0.00 0.25 0.25 0.10
16 0.00 0.00 0.00 0.00 0.00 0.00 0.00 0.00 0.00 0.00 0.00 0.00 0.00
17 0.00 0.00 0.00 3.00 0.00 8.00 5.33 0.00 0.00 0.00 0.00 0.00 0.00
18 0.00 0.00 0.00 0.00 0.00 0.00 0.00 0.00 0.00 0.00 0.00 0.00 0.00
19 0.00 0.00 0.00 19.00 0.00 224.00 23.58 0.00 0.00 0.00 0.00 0.00 0.00
20 0.00 0.00 0.00 0.00 0.00 0.00 0.00 0.00 0.00 0.00 0.00 0.00 0.00
21 0.00 0.00 0.00 3.00 0.00 8.00 5.33 0.00 0.00 0.00 0.00 0.00 0.00
22 0.00 0.00 0.00 0.00 0.00 0.00 0.00 0.00 0.00 0.00 0.00 0.00 0.00
23 0.00 4.00 0.00 29.00 0.00 352.00 24.28 0.01 0.34 0.00 0.34 0.03 0.10
24 0.00 0.00 0.00 4.00 0.00 40.00 20.00 0.00 0.00 0.00 0.00 0.00 0.00
25 0.00 0.00 0.00 0.00 0.00 0.00 0.00 0.00 0.00 0.00 0.00 0.00 0.00
26 0.00 0.00 0.00 5.00 0.00 16.00 6.40 0.00 0.00 0.00 0.00 0.00 0.00
27 0.00 0.00 0.00 0.00 0.00 0.00 0.00 0.00 0.00 0.00 0.00 0.00 0.00
28 0.00 0.00 0.00 3.00 0.00 8.00 5.33 0.00 0.33 0.00 0.33 0.33 0.10
29 0.00 0.00 0.00 13.00 0.00 192.00 29.54 0.00 0.00 0.00 0.00 0.00 0.00
30 0.00 0.00 0.00 6.00 0.00 20.00 6.67 0.00 0.00 0.00 0.00 0.00 0.00
