0 0.11 0.00 0.11 0.00 0.00 0.02 0.00 0.00 0 0.00
1 0.85 0.00 0.49 0.00 0.00 0.04 0.00 0.00 0 0.00
2 1.59 0.00 0.48 0.00 0.00 0.13 0.00 0.00 0 0.00
3 2.07 0.00 0.60 0.00 0.00 0.23 0.00 0.00 0 0.00
4 5.47 0.00 1.03 0.06 0.00 0.20 0.00 0.00 0 0.00
5 4.20 0.00 2.15 0.00 0.00 0.24 0.00 0.00 0 0.00
6 1.86 0.00 0.82 0.00 0.00 0.16 0.00 0.00 0 0.00
7 4.15 0.00 1.52 0.00 0.00 0.25 0.00 0.00 0 0.00
8 2.73 0.00 0.99 0.00 0.00 0.15 0.00 0.00 0 0.00
9 2.83 0.00 0.87 0.02 0.00 0.18 0.00 0.00 0 0.00
10 2.04 0.00 0.63 0.00 0.00 0.11 0.00 0.00 0 0.00
11 4.07 0.00 1.35 0.00 0.00 0.30 0.00 0.00 0 0.00
12 1.52 0.00 0.72 0.00 0.00 0.09 0.00 0.00 0 0.00
13 0.59 0.00 0.23 0.00 0.00 0.03 0.00 0.00 0 0.00
14 0.52 0.00 0.51 0.00 0.00 0.03 0.00 0.00 0 0.00
15 0.56 0.00 0.88 0.00 0.00 0.05 0.00 0.00 0 0.00
16 0.33 0.00 0.24 0.00 0.00 0.04 0.00 0.00 0 0.00
17 0.67 0.00 0.72 0.00 0.00 0.05 0.00 0.00 0 0.00
18 0.39 0.00 0.21 0.00 0.00 0.05 0.00 0.00 0 0.00
19 0.45 0.00 0.32 0.00 0.00 0.05 0.00 0.00 0 0.00
20 0.24 0.00 0.14 0.00 0.00 0.03 0.00 0.00 0 0.00
21 0.45 0.00 0.35 0.00 0.00 0.04 0.00 0.00 0 0.00
22 0.47 0.00 0.21 0.00 0.00 0.06 0.00 0.00 0 0.00
23 0.67 0.00 0.36 0.00 0.00 0.05 0.00 0.00 0 0.00
24 0.31 0.00 0.17 0.00 0.00 0.04 0.00 0.00 0 0.00
25 0.18 0.00 0.16 0.00 0.00 0.02 0.00 0.00 0 0.00
26 0.82 0.00 1.20 0.00 0.00 0.14 0.00 0.00 0 0.00
27 0.43 0.00 0.51 0.00 0.00 0.04 0.00 0.00 0 0.00
28 0.41 0.00 0.35 0.00 0.00 0.05 0.00 0.00 0 0.00
29 0.16 0.00 0.15 0.00 0.00 0.03 0.00 0.00 0 0.00
