0 0.38 0.00 0.53 0.00 0.00 0.06 0.00 0.00 0 0.00
1 0.74 0.00 0.41 0.00 0.00 0.06 0.00 0.00 0 0.00
2 2.06 0.00 1.50 0.00 0.00 0.22 0.00 0.00 0 0.00
3 2.33 0.00 0.83 0.00 0.00 0.25 0.00 0.00 0 0.00
4 5.01 0.00 0.87 0.04 0.00 0.16 0.00 0.00 0 0.00
5 4.05 0.00 1.49 0.00 0.00 0.18 0.00 0.00 0 0.00
6 1.77 0.00 0.87 0.00 0.00 0.10 0.00 0.00 0 0.00
7 4.44 0.00 1.57 0.00 0.00 0.27 0.00 0.00 0 0.00
8 2.22 0.00 0.61 0.00 0.00 0.15 0.00 0.00 0 0.00
9 2.84 0.00 1.10 0.00 0.00 0.18 0.00 0.00 0 0.00
10 2.10 0.00 0.74 0.00 0.00 0.15 0.00 0.00 0 0.00
11 4.31 0.00 1.28 0.00 0.00 0.28 0.00 0.00 0 0.00
12 1.74 0.00 0.89 0.00 0.00 0.13 0.00 0.00 0 0.00
13 0.44 0.00 0.70 0.00 0.00 0.10 0.00 0.00 0 0.00
14 0.36 0.00 0.33 0.00 0.00 0.07 0.00 0.00 0 0.00
15 0.33 0.00 0.21 0.00 0.00 0.05 0.00 0.00 0 0.00
16 0.49 0.00 0.36 0.00 0.00 0.09 0.00 0.00 0 0.00
17 0.36 0.00 0.18 0.00 0.00 0.03 0.00 0.00 0 0.00
18 0.41 0.00 0.32 0.00 0.00 0.04 0.00 0.00 0 0.00
19 0.43 0.00 0.21 0.01 0.00 0.05 0.00 0.00 0 0.00
20 0.46 0.00 0.24 0.00 0.00 0.04 0.00 0.00 0 0.00
21 0.70 0.00 0.52 0.00 0.00 0.07 0.00 0.00 0 0.00
22 0.41 0.00 0.27 0.00 0.00 0.04 0.00 0.00 0 0.00
23 0.76 0.00 1.09 0.00 0.00 0.13 0.00 0.00 0 0.00
24 0.49 0.00 0.34 0.00 0.00 0.05 0.00 0.00 0 0.00
25 0.56 0.00 0.35 0.00 0.00 0.04 0.00 0.00 0 0.00
26 0.31 0.00 0.17 0.00 0.00 0.03 0.00 0.00 0 0.00
27 0.23 0.00 0.27 0.00 0.00 0.02 0.00 0.00 0 0.00
28 0.14 0.00 0.17 0.00 0.00 0.02 0.00 0.00 0 0.00
