0 0.31 0.00 0.24 0.00 0.00 0.02 0.00 0.00 0 0.00
1 0.91 0.00 0.65 0.00 0.00 0.04 0.00 0.00 0 0.00
2 1.74 0.00 0.65 0.00 0.00 0.12 0.00 0.00 0 0.00
3 2.73 0.00 1.02 0.00 0.00 0.27 0.00 0.00 0 0.00
4 4.52 0.00 1.75 0.08 0.00 0.16 0.00 0.00 0 0.00
5 5.28 0.00 1.75 0.00 0.00 0.30 0.00 0.00 0 0.00
6 2.49 0.00 1.04 0.00 0.00 0.12 0.00 0.00 0 0.00
7 4.30 0.00 1.75 0.00 0.00 0.26 0.00 0.00 0 0.00
8 2.53 0.00 1.06 0.00 0.00 0.16 0.00 0.00 0 0.00
9 2.46 0.00 0.91 0.00 0.00 0.18 0.00 0.00 0 0.00
10 2.52 0.00 1.07 0.00 0.00 0.17 0.00 0.00 0 0.00
11 4.62 0.00 1.40 0.00 0.00 0.29 0.00 0.00 0 0.00
12 2.00 0.00 0.97 0.01 0.00 0.17 0.00 0.00 0 0.00
13 0.81 0.00 0.63 0.00 0.00 0.09 0.00 0.00 0 0.00
14 0.53 0.00 0.46 0.00 0.00 0.03 0.00 0.00 0 0.00
15 0.70 0.00 1.09 0.00 0.00 0.13 0.00 0.00 0 0.00
16 0.46 0.00 0.34 0.00 0.00 0.04 0.00 0.00 0 0.00
17 0.81 0.00 0.77 0.00 0.00 0.09 0.00 0.00 0 0.00
18 0.58 0.00 0.38 0.01 0.00 0.05 0.00 0.00 0 0.00
19 0.57 0.00 0.52 0.00 0.00 0.04 0.00 0.00 0 0.00
20 0.46 0.00 0.31 0.00 0.00 0.05 0.00 0.00 0 0.00
21 0.58 0.00 0.47 0.00 0.00 0.05 0.00 0.00 0 0.00
22 0.51 0.00 0.38 0.00 0.00 0.04 0.00 0.00 0 0.00
23 0.63 0.00 0.36 0.00 0.00 0.05 0.00 0.00 0 0.00
24 0.53 0.00 0.49 0.00 0.00 0.03 0.00 0.00 0 0.00
25 0.61 0.00 1.05 0.00 0.00 0.12 0.00 0.00 0 0.00
26 0.54 0.00 0.50 0.00 0.00 0.09 0.00 0.00 0 0.00
27 0.32 0.00 0.34 0.00 0.00 0.03 0.00 0.00 0 0.00
