0 0.56 0.00 0.60 0.00 0.00 0.04 0.00 0.00 0 0.00
1 0.95 0.00 0.61 0.00 0.00 0.07 0.00 0.00 0 0.00
2 1.70 0.00 1.49 0.00 0.00 0.18 0.00 0.00 0 0.00
3 2.19 0.00 0.78 0.01 0.00 0.30 0.00 0.00 0 0.00
4 6.09 0.00 1.45 0.02 0.00 0.24 0.00 0.00 0 0.00
5 4.55 0.00 1.72 0.01 0.00 0.22 0.00 0.00 0 0.00
6 1.60 0.00 0.71 0.00 0.00 0.09 0.00 0.00 0 0.00
7 4.26 0.00 1.50 0.00 0.00 0.24 0.00 0.00 0 0.00
8 2.13 0.00 0.93 0.00 0.00 0.15 0.00 0.00 0 0.00
9 2.90 0.00 1.05 0.00 0.00 0.19 0.00 0.00 0 0.00
10 3.30 0.00 1.07 0.01 0.00 0.19 0.00 0.00 0 0.00
11 3.20 0.00 1.19 0.00 0.00 0.26 0.00 0.00 0 0.00
12 1.54 0.00 1.31 0.00 0.00 0.14 0.00 0.00 0 0.00
13 0.78 0.00 0.85 0.00 0.00 0.10 0.00 0.00 0 0.00
14 0.77 0.00 0.53 0.00 0.00 0.07 0.00 0.00 0 0.00
15 0.60 0.00 0.63 0.00 0.00 0.06 0.00 0.00 0 0.00
16 0.44 0.00 0.38 0.00 0.00 0.06 0.00 0.00 0 0.00
17 0.57 0.00 0.45 0.00 0.00 0.09 0.00 0.00 0 0.00
18 0.52 0.00 0.38 0.00 0.00 0.05 0.00 0.00 0 0.00
19 0.71 0.00 0.67 0.00 0.00 0.11 0.00 0.00 0 0.00
20 0.51 0.00 0.43 0.00 0.00 0.03 0.00 0.00 0 0.00
21 0.90 0.00 0.91 0.00 0.00 0.12 0.00 0.00 0 0.00
22 0.52 0.00 0.40 0.00 0.00 0.07 0.00 0.00 0 0.00
23 1.22 0.00 1.49 0.00 0.00 0.13 0.00 0.00 0 0.00
24 0.44 0.00 0.36 0.00 0.00 0.02 0.00 0.00 0 0.00
25 0.45 0.00 0.40 0.00 0.00 0.06 0.00 0.00 0 0.00
26 0.47 0.00 0.40 0.00 0.00 0.04 0.00 0.00 0 0.00
