0 0.50 0.86 0.00
1 33.07 20.80 0.00
2 13892.51 11585.29 0.00
3 29799.83 22803.66 0.00
4 198.84 3696.19 0.00
5 517.31 14617.13 0.00
6 172.55 5393.10 0.00
7 542.62 14439.46 0.00
8 262.09 7346.76 0.00
9 386.97 9234.85 0.00
10 413.63 12932.07 0.00
11 705.46 17395.13 0.00
12 304.22 9559.45 0.00
13 218.42 153.29 0.00
14 200.00 175.85 0.00
15 162.31 97.98 0.00
16 205.49 209.72 0.00
17 252.61 211.15 0.00
18 228.40 109.14 0.00
19 267.95 249.32 0.00
20 251.77 257.54 0.00
21 234.09 171.47 0.00
22 244.89 144.63 0.00
23 305.56 304.97 0.00
24 139.54 130.52 0.00
25 257.16 53.77 0.00
26 212.56 152.85 0.00
27 0.42 0.72 0.00
