0 0.61 1.39 0.00
1 39.84 24.00 0.00
2 15126.57 10549.90 0.00
3 28471.43 20923.71 0.00
4 270.23 8010.19 0.00
5 342.74 11136.75 0.00
6 145.70 5289.41 0.00
7 531.97 16900.72 0.00
8 216.48 7087.15 0.00
9 463.49 13075.74 0.00
10 358.90 12697.28 0.00
11 659.07 19431.38 0.00
12 184.95 6752.84 0.00
13 220.44 269.25 0.00
14 197.29 72.13 0.00
15 163.52 168.02 0.00
16 205.50 209.21 0.00
17 257.20 162.87 0.00
18 225.82 135.42 0.00
19 332.52 230.01 0.00
20 185.08 109.91 0.00
21 237.94 237.95 0.00
22 245.96 218.25 0.00
23 306.01 257.77 0.00
24 167.99 75.55 0.00
25 229.86 222.17 0.00
26 205.05 104.72 0.00
27 0.53 1.25 0.00
28 0.74 2.67 0.00
