0 1.09 2.08 0.00
1 39.08 24.13 0.00
2 15436.57 11793.86 0.00
3 28127.37 20355.52 0.00
4 271.08 6986.54 0.00
5 388.63 11049.09 0.00
6 151.97 4801.28 0.00
7 559.62 15466.03 0.00
8 319.76 9628.91 0.00
9 452.50 11527.28 0.00
10 253.95 7887.48 0.00
11 778.44 20389.74 0.00
12 205.43 6533.86 0.00
13 223.83 188.72 0.00
14 201.31 205.50 0.00
15 162.20 111.04 0.00
16 203.07 63.81 0.00
17 256.17 179.06 0.00
18 229.89 230.98 0.00
19 333.13 316.84 0.00
20 184.12 90.09 0.00
21 231.68 110.98 0.00
22 245.42 161.90 0.00
23 304.40 160.78 0.00
24 169.62 139.22 0.00
25 229.98 233.53 0.00
26 208.09 212.29 0.00
27 0.83 1.91 0.00
28 1.10 2.83 0.00
29 0.83 1.91 0.00
