0 0.89 1.57 0.00
1 38.01 23.16 0.00
2 14481.49 10150.06 0.00
3 29041.46 23405.47 0.00
4 346.57 8827.28 0.00
5 415.43 11999.13 0.00
6 136.14 4468.12 0.00
7 499.69 13060.25 0.00
8 235.36 7033.62 0.00
9 396.18 10157.64 0.00
10 354.73 10868.96 0.00
11 547.29 13944.16 0.00
12 196.19 5581.31 0.00
13 222.58 286.31 0.00
14 199.97 172.91 0.00
15 162.59 136.43 0.00
16 205.29 156.45 0.00
17 251.76 248.83 0.00
18 234.27 233.68 0.00
19 330.60 162.03 0.00
20 186.40 189.71 0.00
21 233.06 209.79 0.00
22 246.88 239.95 0.00
23 305.04 223.75 0.00
24 169.56 157.17 0.00
25 230.62 234.82 0.00
