0 0.65 0.00 0.02 0.00 0.00 0.01 0.00 0.00 0 0.00
1 0.00 0.00 0.00 0.00 0.00 0.00 0.00 0.00 0 0.00
2 0.01 0.00 0.03 0.00 0.00 0.00 0.00 0.00 0 0.00
3 0.01 0.00 0.01 0.00 0.00 0.00 0.00 0.00 0 0.00
4 0.08 0.00 0.07 0.00 0.00 0.00 0.00 0.00 0 0.00
5 0.01 0.00 0.02 0.00 0.00 0.00 0.00 0.00 0 0.00
6 0.02 0.00 0.01 0.00 0.00 0.00 0.00 0.00 0 0.00
7 0.24 0.00 0.15 0.00 0.00 0.00 0.00 0.00 0 0.00
8 2.90 0.00 0.26 0.00 0.00 0.00 0.00 0.00 0 0.00
9 3.62 0.00 0.25 0.00 0.00 0.00 0.00 0.00 0 0.00
10 2.45 0.00 0.17 0.00 0.00 0.00 0.00 0.00 0 0.00
11 1.83 0.00 0.21 0.00 0.00 0.00 0.00 0.00 0 0.00
12 1.99 0.00 0.27 0.00 0.00 0.00 0.00 0.00 0 0.00
13 4.74 0.00 0.23 0.00 0.00 0.00 0.00 0.00 0 0.00
14 8.76 0.00 0.51 0.00 0.00 0.00 0.00 0.00 0 0.00
15 4.48 0.00 0.26 0.00 0.00 0.00 0.00 0.00 0 0.00
16 6.93 0.00 0.20 0.00 0.00 0.00 0.00 0.00 0 0.00
17 6.74 0.00 0.38 0.00 0.00 0.00 0.00 0.00 0 0.00
18 6.10 0.00 0.26 0.00 0.00 0.03 0.00 0.00 0 0.00
19 4.18 0.00 0.21 0.00 0.00 0.01 0.00 0.00 0 0.00
20 8.11 0.00 1.43 0.02 0.00 0.00 0.00 0.00 0 0.00
21 6.33 0.00 1.49 0.14 0.00 0.00 0.00 0.00 0 0.00
22 4.29 0.00 1.20 0.01 0.00 0.00 0.00 0.00 0 0.00
23 1.66 0.00 0.10 0.00 0.00 0.00 0.00 0.00 0 0.00
24 0.11 0.00 0.04 0.00 0.00 0.00 0.00 0.00 0 0.00
25 0.01 0.00 0.02 0.00 0.00 0.00 0.00 0.00 0 0.00
26 0.01 0.00 0.01 0.00 0.00 0.00 0.00 0.00 0 0.00
27 0.01 0.00 0.05 0.00 0.00 0.00 0.00 0.00 0 0.00
28 0.01 0.00 0.01 0.00 0.00 0.00 0.00 0.00 0 0.00
29 2.97 0.00 0.11 0.00 0.00 0.00 0.00 0.00 0 0.00
30 11.46 0.00 0.57 0.04 0.00 0.00 0.00 0.00 0 0.00
31 7.57 0.00 0.18 0.00 0.00 0.01 0.00 0.00 0 0.00
32 6.86 0.00 0.19 0.00 0.00 0.01 0.00 0.00 0 0.00
33 0.78 0.00 0.07 0.00 0.00 0.00 0.00 0.00 0 0.00
