0 0.25 0.00 0.01 0.00 0.00 0.00 0.00 0.00 0 0.00
1 0.00 0.00 0.01 0.00 0.00 0.00 0.00 0.00 0 0.00
2 0.01 0.00 0.05 0.00 0.00 0.00 0.00 0.00 0 0.00
3 0.01 0.00 0.01 0.00 0.00 0.00 0.00 0.00 0 0.00
4 0.09 0.00 0.06 0.00 0.00 0.00 0.00 0.00 0 0.00
5 0.00 0.00 0.01 0.00 0.00 0.00 0.00 0.00 0 0.00
6 0.01 0.00 0.02 0.00 0.00 0.00 0.00 0.00 0 0.00
7 0.25 0.00 0.09 0.00 0.00 0.00 0.00 0.00 0 0.00
8 3.07 0.00 0.30 0.00 0.00 0.00 0.00 0.00 0 0.00
9 4.17 0.00 0.38 0.00 0.00 0.00 0.00 0.00 0 0.00
10 1.65 0.00 0.25 0.00 0.00 0.00 0.00 0.00 0 0.00
11 2.54 0.00 0.43 0.00 0.00 0.01 0.00 0.00 0 0.00
12 1.68 0.00 0.35 0.00 0.00 0.00 0.00 0.00 0 0.00
13 10.11 0.00 1.10 0.00 0.00 0.00 0.00 0.00 0 0.00
14 3.15 0.00 0.26 0.00 0.00 0.00 0.00 0.00 0 0.00
15 8.33 0.00 0.37 0.01 0.00 0.01 0.00 0.00 0 0.00
16 6.99 0.00 0.32 0.00 0.00 0.00 0.00 0.00 0 0.00
17 6.53 0.00 0.19 0.00 0.00 0.00 0.00 0.00 0 0.00
18 7.81 0.00 0.33 0.00 0.00 0.02 0.00 0.00 0 0.00
19 3.05 0.00 0.11 0.00 0.00 0.01 0.00 0.00 0 0.00
20 8.79 0.00 0.56 0.03 0.00 0.00 0.00 0.00 0 0.00
21 6.29 0.00 4.09 0.00 0.00 0.01 0.00 0.00 0 0.00
22 4.34 0.00 0.28 0.00 0.00 0.00 0.00 0.00 0 0.00
23 1.17 0.00 0.06 0.00 0.00 0.00 0.00 0.00 0 0.00
24 0.08 0.00 0.03 0.00 0.00 0.00 0.00 0.00 0 0.00
25 0.01 0.00 0.02 0.00 0.00 0.00 0.00 0.00 0 0.00
26 0.01 0.00 0.01 0.00 0.00 0.00 0.00 0.00 0 0.00
27 2.08 0.00 0.08 0.00 0.00 0.00 0.00 0.00 0 0.00
28 0.54 0.00 0.03 0.00 0.00 0.00 0.00 0.00 0 0.00
29 3.05 0.00 0.11 0.00 0.00 0.00 0.00 0.00 0 0.00
30 17.02 0.00 1.72 0.11 0.00 0.00 0.00 0.00 0 0.00
31 4.99 0.00 0.23 0.00 0.00 0.01 0.00 0.00 0 0.00
32 1.66 0.00 0.13 0.00 0.00 0.00 0.00 0.00 0 0.00
33 0.88 0.00 0.08 0.00 0.00 0.00 0.00 0.00 0 0.00
