0 23.33 2.13 0.00
1 0.38 1.13 0.00
2 24.29 2.40 0.00
3 4.92 5.25 0.00
4 34.07 16.55 0.00
5 0.95 1.12 0.00
6 23.48 1.49 0.00
7 10.74 8.00 0.00
8 27.78 6.24 0.00
9 5.46 11.59 0.00
10 32.54 11.19 0.00
11 45484.03 338.51 0.00
12 34687.08 310.10 0.00
13 36.13 9.18 0.00
14 24.23 8.52 0.00
15 10.61 9.20 0.00
16 62.63 22.62 0.00
17 1644.28 1268.06 0.00
18 10597.99 6123.18 0.00
19 5287.41 3430.10 0.00
20 70.35 29.12 0.00
21 105.73 58.94 0.00
22 99.83 46.32 0.00
23 355.52 203.24 0.00
24 29.03 12.02 0.00
25 0.38 1.13 0.00
26 23.58 2.00 0.00
27 9.95 11.68 0.00
28 28.54 5.86 0.00
29 57.15 16.08 0.00
30 23.61 2.76 0.00
31 30.92 15.83 0.00
32 10567.30 9847.15 0.00
33 7762.42 7363.92 0.00
