0 11.84 1.73 0.00
1 0.36 0.91 0.00
2 12.39 1.10 0.00
3 4.73 4.93 0.00
4 22.71 15.57 0.00
5 0.93 0.90 0.00
6 11.82 0.62 0.00
7 7.32 7.06 0.00
8 16.42 5.51 0.00
9 5.63 11.06 0.00
10 22.88 10.40 0.00
11 27591.82 277.49 0.00
12 52567.97 444.02 0.00
13 36.71 33.68 0.00
14 18.22 10.28 0.00
15 45.07 27.51 0.00
16 202.70 100.85 0.00
17 1543.04 1675.62 0.00
18 6292.21 11066.42 0.00
19 3921.57 5789.55 0.00
20 69.46 35.44 0.00
21 84.68 46.84 0.00
22 78.53 41.17 0.00
23 318.68 182.63 0.00
24 17.79 12.34 0.00
25 0.36 0.91 0.00
26 11.92 1.14 0.00
27 27.44 13.86 0.00
28 17.12 12.21 0.00
29 57.39 15.68 0.00
30 11.84 1.99 0.00
31 148.40 94.02 0.00
32 7863.12 11931.21 0.00
33 7712.65 1871.00 0.00
