1 0.00 1.17 0.04 3.36 1.83 1172.95 690.06 0.31 90.11 0.67 91.29 0.69 0.23
2 0.00 0.00 0.00 0.00 0.00 0.00 0.00 0.00 0.00 0.00 0.00 0.00 0.00
3 0.00 0.00 0.00 0.00 0.00 0.00 0.00 0.00 0.00 0.00 0.00 0.00 0.00
4 0.00 0.00 0.00 7.00 0.00 92.00 26.29 0.00 0.00 0.00 0.00 0.00 0.00
5 0.00 0.00 0.00 0.00 0.00 0.00 0.00 0.00 0.00 0.00 0.00 0.00 0.00
6 0.00 0.00 0.00 3.00 0.00 20.00 13.33 0.00 0.00 0.00 0.00 0.00 0.00
7 0.00 0.00 0.00 0.00 0.00 0.00 0.00 0.00 0.00 0.00 0.00 0.00 0.00
8 0.00 0.00 0.00 0.00 0.00 0.00 0.00 0.00 0.00 0.00 0.00 0.00 0.00
9 0.00 0.00 0.00 0.00 0.00 0.00 0.00 0.00 0.00 0.00 0.00 0.00 0.00
10 0.00 0.00 0.00 0.00 0.00 0.00 0.00 0.00 0.00 0.00 0.00 0.00 0.00
11 0.00 0.00 0.00 0.00 0.00 0.00 0.00 0.00 0.00 0.00 0.00 0.00 0.00
12 0.00 0.00 0.00 0.00 0.00 0.00 0.00 0.00 0.00 0.00 0.00 0.00 0.00
13 0.00 0.00 0.00 2.00 0.00 32.00 32.00 0.00 0.00 0.00 0.00 0.00 0.00
14 0.00 0.00 0.00 0.00 0.00 0.00 0.00 0.00 0.00 0.00 0.00 0.00 0.00
15 0.00 0.00 0.00 0.00 0.00 0.00 0.00 0.00 0.00 0.00 0.00 0.00 0.00
16 0.00 0.00 0.00 0.00 0.00 0.00 0.00 0.00 0.00 0.00 0.00 0.00 0.00
17 0.00 0.00 0.00 0.00 0.00 0.00 0.00 0.00 0.00 0.00 0.00 0.00 0.00
18 0.00 0.00 0.00 331.00 0.00 153724.00 928.85 31.03 93.74 0.00 93.74 0.92 30.40
19 0.00 0.00 0.00 14.00 0.00 216.00 30.86 0.00 0.00 0.00 0.00 0.00 0.00
20 0.00 0.00 0.00 6.00 0.00 96.00 32.00 0.00 0.50 0.00 0.50 0.17 0.10
21 0.00 0.00 0.00 58.00 0.00 780.00 26.90 0.01 0.10 0.00 0.10 0.05 0.30
22 0.00 0.00 0.00 78.00 0.00 1028.00 26.36 0.01 0.12 0.00 0.12 0.05 0.40
23 0.00 0.00 0.00 228.00 0.00 5412.00 47.47 0.13 0.56 0.00 0.56 0.06 1.30
24 0.00 0.00 0.00 60.00 0.00 740.00 24.67 0.01 0.20 0.00 0.20 0.10 0.60
25 0.00 0.00 0.00 0.00 0.00 0.00 0.00 0.00 0.00 0.00 0.00 0.00 0.00
26 0.00 0.00 0.00 0.00 0.00 0.00 0.00 0.00 0.00 0.00 0.00 0.00 0.00
27 0.00 0.00 0.00 0.00 0.00 0.00 0.00 0.00 0.00 0.00 0.00 0.00 0.00
