0 0.01 0.00 0.00 0.00 0.00 0.00 0.00 0.00 0 0.00
1 0.02 0.00 0.02 0.00 0.00 0.00 0.00 0.00 0 0.00
2 0.00 0.00 0.01 0.00 0.00 0.00 0.00 0.00 0 0.00
3 0.01 0.00 0.01 0.00 0.00 0.00 0.00 0.00 0 0.00
4 0.09 0.00 0.06 0.00 0.00 0.00 0.00 0.00 0 0.00
5 0.01 0.00 0.01 0.00 0.00 0.00 0.00 0.00 0 0.00
6 0.02 0.00 0.06 0.00 0.00 0.00 0.00 0.00 0 0.00
7 0.94 0.00 0.20 0.00 0.00 0.00 0.00 0.00 0 0.00
8 3.73 0.00 0.22 0.00 0.00 0.00 0.00 0.00 0 0.00
9 3.34 0.00 0.28 0.00 0.00 0.00 0.00 0.00 0 0.00
10 1.80 0.00 0.28 0.00 0.00 0.00 0.00 0.00 0 0.00
11 2.46 0.00 0.25 0.00 0.00 0.01 0.00 0.00 0 0.00
12 1.72 0.00 0.26 0.00 0.00 0.00 0.00 0.00 0 0.00
13 7.23 0.00 0.88 0.01 0.00 0.00 0.00 0.00 0 0.00
14 3.93 0.00 0.22 0.00 0.00 0.00 0.00 0.00 0 0.00
15 7.61 0.00 0.38 0.00 0.00 0.00 0.00 0.00 0 0.00
16 9.28 0.00 0.39 0.11 0.00 0.01 0.00 0.00 0 0.00
17 7.78 0.00 0.45 0.00 0.00 0.00 0.00 0.00 0 0.00
18 8.57 0.00 0.14 0.00 0.00 0.00 0.00 0.00 0 0.00
19 9.04 0.00 0.38 0.00 0.00 0.00 0.00 0.00 0 0.00
20 6.50 0.00 3.22 0.00 0.00 0.01 0.00 0.00 0 0.00
21 6.55 0.00 3.97 0.00 0.00 0.00 0.00 0.00 0 0.00
22 4.40 0.00 1.03 0.00 0.00 0.01 0.00 0.00 0 0.00
23 7.09 0.00 6.42 0.00 0.00 0.02 0.00 0.00 0 0.00
24 0.26 0.00 0.29 0.00 0.00 0.00 0.00 0.00 0 0.00
