0 0.01 0.00 0.02 0.00 0.00 0.00 0.00 0.00 0 0.00
1 0.02 0.00 0.04 0.00 0.00 0.00 0.00 0.00 0 0.00
2 0.00 0.00 0.02 0.00 0.00 0.00 0.00 0.00 0 0.00
3 0.01 0.00 0.02 0.00 0.00 0.00 0.00 0.00 0 0.00
4 0.09 0.00 0.05 0.00 0.00 0.00 0.00 0.00 0 0.00
5 0.02 0.00 0.02 0.00 0.00 0.00 0.00 0.00 0 0.00
6 0.01 0.00 0.01 0.00 0.00 0.00 0.00 0.00 0 0.00
7 0.97 0.00 0.15 0.00 0.00 0.00 0.00 0.00 0 0.00
8 3.27 0.00 0.23 0.00 0.00 0.00 0.00 0.00 0 0.00
9 3.28 0.00 0.21 0.00 0.00 0.00 0.00 0.00 0 0.00
10 1.88 0.00 0.16 0.00 0.00 0.00 0.00 0.00 0 0.00
11 2.24 0.00 0.31 0.00 0.00 0.01 0.00 0.00 0 0.00
12 1.50 0.00 0.28 0.00 0.00 0.00 0.00 0.00 0 0.00
13 10.09 0.00 0.70 0.00 0.00 0.00 0.00 0.00 0 0.00
14 2.74 0.00 0.18 0.00 0.00 0.00 0.00 0.00 0 0.00
15 6.35 0.00 0.43 0.01 0.00 0.00 0.00 0.00 0 0.00
16 9.32 0.00 0.35 0.00 0.00 0.01 0.00 0.00 0 0.00
17 4.98 0.00 0.25 0.00 0.00 0.02 0.00 0.00 0 0.00
18 6.42 0.00 0.22 0.00 0.00 0.00 0.00 0.00 0 0.00
19 7.65 0.00 0.43 0.00 0.00 0.02 0.00 0.00 0 0.00
20 5.28 0.00 0.28 0.00 0.00 0.00 0.00 0.00 0 0.00
21 5.50 0.00 0.21 0.00 0.00 0.01 0.00 0.00 0 0.00
22 1.93 0.00 0.21 0.00 0.00 0.00 0.00 0.00 0 0.00
23 3.98 0.00 0.31 0.00 0.00 0.02 0.00 0.00 0 0.00
