procs -----------memory---------- ---swap-- -----io---- -system-- ------cpu-----
 r  b   swpd   free   buff  cache   si   so    bi    bo   in   cs us sy id wa st
 2  0      0 106427152  29504 14174920    0    0     0     0    1    1  0  0 100  0  0
 0  0      0 106424720  29504 14174920    0    0     0     0 1658 2545  0  0 100  0  0
 0  0      0 106423832  29504 14174936    0    0     0     0 1457 2620  0  0 100  0  0
 1  0      0 106407616  29504 14174952    0    0     0     0 1612 2693  0  0 100  0  0
 0  0      0 106400432  29504 14174956    0    0     0    20 1537 2553  0  0 100  0  0
 1  0      0 106400560  29504 14174968    0    0     0    12 1498 2579  0  0 100  0  0
 1  0      0 106394976  29520 14180988    0    0  6248     0 1960 2917  0  0 100  0  0
 1  0      0 106388096  29524 14187504    0    0  6244     0 2872 3331  0  0 100  0  0
 1  0      0 106382544  29532 14194064    0    0  6280     0 2426 3113  0  0 100  0  0
 1  0      0 106376288  29536 14200188    0    0  6148     0 2823 3196  0  0 100  0  0
 0  0      0 106370496  29544 14206376    0    0  6280    12 2403 3099  0  0 100  0  0
 0  0      0 106360296  29560 14216944    0    0 10248    24 3474 3537  0  0 100  0  0
 1  0      0 106355712  29564 14220784    0    0  4228     0 2306 2971  0  0 100  0  0
 0  0      0 106331632  29572 14229192    0    0  8200     0 2820 3142  0  0 100  0  0
 0  0      0 106325808  29580 14235580    0    0  6280     0 2744 3221  0  0 100  0  0
 0  0      0 106317440  29588 14243536    0    0  8200    12 3029 3380  0  0 100  0  0
 0  0      0 106306064  29600 14255660    0    0 12428    16 3516 3516  0  0 100  0  0
 0  0      0 106303424  29600 14258052    0    0  2048     0 1969 2791  0  0 100  0  0
 0  0      0 106299216  29604 14262168    0    0  4100     0 2306 3201  0  0 100  0  0
 0  0      0 106299040  29604 14262176    0    0     0     0 1548 2632  0  0 100  0  0
 0  0      0 106286688  29616 14274628    0    0 12428    16 3492 3607  0  0 100  0  0
procs -----------memory---------- ---swap-- -----io---- -system-- ------cpu-----
 r  b   swpd   free   buff  cache   si   so    bi    bo   in   cs us sy id wa st
 0  0      0 106277088  29628 14284748    0    0 10328    84 3516 3576  0  0 100  0  0
 0  0      0 106272000  29632 14289068    0    0  4100     0 2223 2995  0  0 100  0  0
 0  0      0 106262160  29636 14293200    0    0  4100   288 2155 2964  0  0 100  0  0
 0  0      0 106250152  29660 14305712    0    0 12300    40 3680 3581  0  0 100  0  0
 0  0      0 106247776  29660 14307608    0    0  2048    12 2337 2953  0  0 100  0  0
 0  0      0 106247776  29660 14307608    0    0     0     8 1380 2601  0  0 100  0  0
 0  0      0 106247776  29660 14307624    0    0     0     0 1607 2636  0  0 100  0  0
 0  0      0 106247704  29660 14307636    0    0     0     0 1377 2563  0  0 100  0  0
 0  0      0 106247704  29660 14307640    0    0     0     0 1461 2522  0  0 100  0  0
 0  0      0 106247704  29660 14307664    0    0     0    12 1422 2660  0  0 100  0  0
 1  0      0 106247584  29660 14307672    0    0     0   368 1527 2609  0  0 100  0  0
 0  0      0 106247704  29660 14307672    0    0     0     0 1452 2545  0  0 100  0  0
 0  0      0 106247704  29660 14307696    0    0     0     0 1486 2559  0  0 100  0  0
 0  0      0 106247584  29660 14307704    0    0     0     0 1386 2599  0  0 100  0  0
 0  0      0 106247584  29660 14307704    0    0     0    16 1575 2689  0  0 100  0  0
 0  0      0 106247584  29660 14307724    0    0     0     0 1348 2520  0  0 100  0  0
 0  0      0 106247704  29660 14307744    0    0     0     0 1517 2530  0  0 100  0  0
 0  0      0 106247704  29660 14307744    0    0     0     0 1555 2672  0  0 100  0  0
 0  0      0 106247704  29660 14307764    0    0     0     0 1623 2620  0  0 100  0  0
 0  0      0 106247952  29660 14307776    0    0     0    12 1333 2564  0  0 100  0  0
 2  0      0 106246768  29660 14307800    0    0     0    12 1827 3010  0  0 100  0  0
procs -----------memory---------- ---swap-- -----io---- -system-- ------cpu-----
 r  b   swpd   free   buff  cache   si   so    bi    bo   in   cs us sy id wa st
 1  0      0 106246912  29660 14307820    0    0     0     0 1476 2636  0  0 100  0  0
 1  0      0 106246912  29660 14307832    0    0     0     0 1551 2656  0  0 100  0  0
 0  0      0 106246912  29660 14307856    0    0     0     0 1333 2515  0  0 100  0  0
 0  0      0 106246912  29660 14307856    0    0     0    16 1495 2582  0  0 100  0  0
 0  0      0 106246912  29660 14307868    0    0     0    12 1350 2568  0  0 100  0  0
 0  0      0 106247168  29660 14307888    0    0     0     0 1600 2608  0  0 100  0  0
 0  0      0 106247296  29660 14307888    0    0     0     0 1677 2949  0  0 100  0  0
 0  0      0 106247296  29660 14307900    0    0     0     0 1471 2516  0  0 100  0  0
 0  0      0 106247440  29660 14307920    0    0     0    12 1405 2630  0  0 100  0  0
 0  0      0 106247312  29660 14307924    0    0     0    80 1593 2644  0  0 100  0  0
 0  0      0 106247440  29660 14307936    0    0     0     0 1374 2519  0  0 100  0  0
 0  0      0 106247424  29660 14307956    0    0     0   136 1528 2635  0  0 100  0  0
 0  0      0 106247424  29660 14307960    0    0     0     0 1396 2611  0  0 100  0  0
 0  0      0 106247664  29660 14307972    0    0     0    12 1551 2647  0  0 100  0  0
 0  0      0 106247664  29660 14307992    0    0     0     8 1371 2534  0  0 100  0  0
 0  0      0 106247792  29660 14307992    0    0     0     0 1496 2510  0  0 100  0  0
 0  0      0 106247664  29660 14308004    0    0     0    28 1439 2689  0  0 100  0  0
 1  0      0 106247664  29660 14308028    0    0     0     0 1546 2629  0  0 100  0  0
 1  0      0 106247664  29660 14308028    0    0     0    12 1381 2570  0  0 100  0  0
 0  0      0 106247664  29660 14308044    0    0     0     0 1506 2529  0  0 100  0  0
 1  0      0 106247664  29660 14308064    0    0     0     0 1429 2595  0  0 100  0  0
procs -----------memory---------- ---swap-- -----io---- -system-- ------cpu-----
 r  b   swpd   free   buff  cache   si   so    bi    bo   in   cs us sy id wa st
 0  0      0 106247664  29660 14308064    0    0     0     0 1611 2707  0  0 100  0  0
 0  0      0 106247792  29660 14308076    0    0     0    16 1351 2558  0  0 100  0  0
 0  0      0 106247680  29660 14308100    0    0     0    12 1473 2558  0  0 100  0  0
 0  0      0 106247688  29660 14308104    0    0     0   416 1423 2635  0  0 100  0  0
 0  0      0 106247688  29660 14308112    0    0     0     0 1555 2622  0  0 100  0  0
 0  0      0 106247688  29660 14308132    0    0     0     0 1413 2604  0  0 100  0  0
 0  0      0 106247688  29660 14308132    0    0     0     0 1480 2540  0  0 100  0  0
 0  0      0 106247568  29660 14308140    0    0     0    16 1410 2646  0  0 100  0  0
 0  0      0 106247568  29660 14308168    0    0     0    48 1563 2629  0  0 100  0  0
 0  0      0 106243584  29660 14308172    0    0     0     0 1491 2598  0  0 100  0  0
 0  0      0 106243456  29660 14308184    0    0     0     0 1513 2605  0  0 100  0  0
 0  0      0 106243456  29660 14308200    0    0     0     0 1397 2636  0  0 100  0  0
 0  0      0 106243584  29660 14308204    0    0     0    16 1533 2640  0  0 100  0  0
 0  0      0 106243584  29660 14308216    0    0     0    12 1345 2506  0  0 100  0  0
 0  0      0 106243832  29660 14308236    0    0     0     0 1494 2518  0  0 100  0  0
 0  0      0 106243952  29660 14308236    0    0     0     0 1483 2742  0  0 100  0  0
 0  0      0 106243968  29660 14308252    0    0     0     0 1527 2617  0  0 100  0  0
 0  0      0 106244088  29660 14308272    0    0     0    12 1342 2544  0  0 100  0  0
 0  0      0 106243968  29660 14308272    0    0     0    64 1490 2533  0  0 100  0  0
 0  0      0 106244184  29660 14308280    0    0     0     0 1471 2631  0  0 100  0  0
 0  0      0 106244088  29660 14308304    0    0     0   152 1650 2755  0  0 100  0  0
procs -----------memory---------- ---swap-- -----io---- -system-- ------cpu-----
 r  b   swpd   free   buff  cache   si   so    bi    bo   in   cs us sy id wa st
 0  0      0 106244088  29660 14308304    0    0     0     0 1361 2584  0  0 100  0  0
 0  0      0 106244104  29660 14308320    0    0     0    12 1486 2532  0  0 100  0  0
 0  0      0 106243984  29660 14308336    0    0     0     8 1382 2598  0  0 100  0  0
 0  0      0 106243856  29660 14308344    0    0     0     0 1622 2590  0  0 100  0  0
 0  0      0 106243984  29660 14308360    0    0     0     0 1428 2657  0  0 100  0  0
 0  0      0 106243984  29660 14308380    0    0     0     0 1482 2580  0  0 100  0  0
 0  0      0 106243984  29660 14308380    0    0     0    12 1435 2714  0  0 100  0  0
 0  0      0 106243984  29660 14308388    0    0     0     8 1501 2571  0  0 100  0  0
 0  0      0 106243984  29660 14308412    0    0     0     0 1405 2498  0  0 100  0  0
 0  0      0 106243984  29660 14308412    0    0     0     0 1493 2586  0  0 100  0  0
 0  0      0 106243856  29660 14308424    0    0     0     0 1399 2656  0  0 100  0  0
 0  0      0 106243984  29660 14308444    0    0     0    16 1617 2706  0  0 100  0  0
 0  0      0 106243856  29660 14308448    0    0     0   332 1311 2458  0  0 100  0  0
 0  0      0 106243856  29660 14308460    0    0     0     0 1476 2484  0  0 100  0  0
 0  0      0 106243856  29660 14308476    0    0     0     0 1452 2757  0  0 100  0  0
 0  0      0 106243856  29660 14308476    0    0     0     0 1550 2640  0  0 100  0  0
 0  0      0 106243856  29660 14308492    0    0     0    16 1337 2562  0  0 100  0  0
 0  0      0 106243392  29660 14308516    0    0     0    48 1893 3069  0  0 100  0  0
 0  0      0 106243392  29660 14308516    0    0     0     0 1441 2618  0  0 100  0  0
 0  0      0 106243512  29660 14308524    0    0     0     0 1530 2646  0  0 100  0  0
 0  0      0 106243648  29660 14308552    0    0     0     0 1422 2649  0  0 100  0  0
procs -----------memory---------- ---swap-- -----io---- -system-- ------cpu-----
 r  b   swpd   free   buff  cache   si   so    bi    bo   in   cs us sy id wa st
 0  0      0 106243752  29660 14308552    0    0     0    20 1477 2566  0  0 100  0  0
 0  0      0 106243872  29660 14308560    0    0     0     0 1384 2657  0  0 100  0  0
 0  0      0 106243760  29660 14308580    0    0     0     0 1587 2632  0  0 100  0  0
 0  0      0 106243632  29660 14308588    0    0     0     0 1377 2588  0  0 100  0  0
 0  0      0 106243888  29660 14308600    0    0     0     0 1501 2570  0  0 100  0  0
 1  0      0 106243888  29660 14308616    0    0     0    12 1464 2752  0  0 100  0  0
 2  0      0 106243760  29660 14308616    0    0     0   136 1608 2685  0  0 100  0  0
 0  0      0 106243968  29660 14308628    0    0     0     0 1446 2554  0  0 100  0  0
 0  0      0 106244064  29672 14308652    0    0     0   244 1530 2624  0  0 100  0  0
 0  0      0 106244064  29672 14308652    0    0     0     0 1419 2696  0  0 100  0  0
 0  0      0 106244064  29672 14308664    0    0     0    12 1556 2653  0  0 100  0  0
 0  0      0 106244184  29672 14308684    0    0     0     8 1376 2541  0  0 100  0  0
 0  0      0 106244184  29672 14308688    0    0     0     0 1451 2496  0  0 100  0  0
 0  0      0 106244184  29672 14308696    0    0     0     0 1436 2696  0  0 100  0  0
 0  0      0 106244184  29672 14308720    0    0     0     0 1573 2696  0  0 100  0  0
 0  0      0 106244400  29672 14308720    0    0     0    12 1371 2634  0  0 100  0  0
 1  0      0 106244152  29672 14308736    0    0     0     0 1645 2671  0  0 100  0  0
 0  0      0 106244032  29672 14308756    0    0     0     0 1481 2661  0  0 100  0  0
 0  0      0 106244152  29672 14308756    0    0     0     0 1642 2658  0  0 100  0  0
 4  0      0 106232848  29700 14319032    0    0     4    16 9083 8266  1  0 99  0  0
 1  0      0 106192416  29776 14361064    0    0     0    12 24535 21348  0  0 99  0  0
procs -----------memory---------- ---swap-- -----io---- -system-- ------cpu-----
 r  b   swpd   free   buff  cache   si   so    bi    bo   in   cs us sy id wa st
 0  0      0 106190752  29776 14361044    0    0     0     0 1538 2743  0  0 100  0  0
