procs -----------memory---------- ---swap-- -----io---- -system-- ------cpu-----
 r  b   swpd   free   buff  cache   si   so    bi    bo   in   cs us sy id wa st
 2  0      0 304933280 222452 191532832    0    0     0    13    0    0  0  0 100  0  0
 0  0      0 304932800 222452 191532912    0    0     0     0 1611 2736  0  0 100  0  0
 0  0      0 304933056 222452 191532912    0    0     0    16 1536 2825  0  0 100  0  0
 0  0      0 304931200 222452 191532928    0    0     0     0 1574 2511  0  0 100  0  0
 0  0      0 304931200 222452 191532928    0    0     0     0 1394 2509  0  0 100  0  0
 0  0      0 304931456 222452 191532960    0    0     0     0 1411 2522  0  0 100  0  0
 2  0      0 304837632 222452 191532960    0    0     0    68 4441 16750  2  0 98  0  0
 0  0      0 304692512 222452 191533008    0    0     0    16 11123 14117  5  0 95  0  0
 1  0      0 304930976 222452 191533008    0    0     0     0 3422 2765  0  0 100  0  0
 0  0      0 304932160 222452 191533008    0    0     0     0 1456 2672  0  0 100  0  0
 0  0      0 304932224 222452 191533008    0    0     0     0 1424 2537  0  0 100  0  0
 0  0      0 304932352 222452 191533008    0    0     0    48 1405 2531  0  0 100  0  0
 1  0      0 304932352 222452 191533008    0    0     0   292 1535 2757  0  0 100  0  0
 1  0      0 304932480 222452 191533008    0    0     0     0 1450 2584  0  0 100  0  0
 1  0      0 304932480 222452 191533008    0    0     0     0 1439 2561  0  0 100  0  0
 1  0      0 304932544 222452 191533056    0    0     0     0 1418 2494  0  0 100  0  0
 0  0      0 304932640 222452 191533072    0    0     0     0 1420 2588  0  0 100  0  0
 0  0      0 304930720 222452 191533088    0    0     0    12 1489 2775  0  0 100  0  0
 0  0      0 304930880 222452 191533088    0    0     0     0 1504 2653  0  0 100  0  0
 0  0      0 304931264 222452 191533120    0    0     0     0 1420 2505  0  0 100  0  0
 0  0      0 304931264 222452 191533120    0    0     0     0 1340 2398  0  0 100  0  0
procs -----------memory---------- ---swap-- -----io---- -system-- ------cpu-----
 r  b   swpd   free   buff  cache   si   so    bi    bo   in   cs us sy id wa st
 0  0      0 304931520 222452 191533136    0    0     0     0 1494 2720  0  0 100  0  0
 0  0      0 304931520 222452 191533136    0    0     0    12 1576 2854  0  0 100  0  0
 1  0      0 304931520 222452 191533152    0    0     0    28 1354 2428  0  0 100  0  0
 0  0      0 304931520 222452 191533152    0    0     0    40 1393 2455  0  0 100  0  0
 0  0      0 304931840 222452 191533184    0    0     0     0 2319 3095  0  0 100  0  0
 0  0      0 304931968 222452 191533184    0    0     0    28 2159 3015  0  0 100  0  0
 0  0      0 304931968 222452 191533200    0    0     0    12 1515 2749  0  0 100  0  0
 0  0      0 304932032 222452 191533216    0    0     0     0 1358 2520  0  0 100  0  0
 0  0      0 304932128 222452 191533216    0    0     0     0 1415 2546  0  0 100  0  0
 0  0      0 304932384 222456 191533232    0    0     0    12 1482 2589  0  0 100  0  0
 0  0      0 304932384 222456 191533232    0    0     0   380 1384 2553  0  0 100  0  0
 0  0      0 304932544 222456 191533232    0    0     0    32 1496 2712  0  0 100  0  0
 0  0      0 304932576 222456 191533280    0    0     0     0 1430 2590  0  0 100  0  0
 1  0      0 304932576 222456 191533280    0    0     0     0 1447 2612  0  0 100  0  0
 0  0      0 304932704 222456 191533296    0    0     0     0 1375 2431  0  0 100  0  0
 1  0      0 304932704 222456 191533296    0    0     0    56 1399 2548  0  0 100  0  0
 1  0      0 304932832 222456 191533296    0    0     0    12 1520 2778  0  0 100  0  0
 1  0      0 304932832 222456 191533296    0    0     0     0 1463 2574  0  0 100  0  0
 0  0      0 304932832 222456 191533296    0    0     0     0 1396 2477  0  0 100  0  0
 0  0      0 304932832 222456 191533296    0    0     0     0 1370 2428  0  0 100  0  0
 1  0      0 304931456 222456 191533376    0    0     0    52 1793 3173  0  0 100  0  0
procs -----------memory---------- ---swap-- -----io---- -system-- ------cpu-----
 r  b   swpd   free   buff  cache   si   so    bi    bo   in   cs us sy id wa st
 0  0      0 304931520 222456 191533408    0    0     0   288 1586 2874  0  0 100  0  0
 0  0      0 304931872 222456 191533408    0    0     0     0 1380 2480  0  0 100  0  0
 0  0      0 304931872 222456 191533408    0    0     0     0 1351 2427  0  0 100  0  0
 0  0      0 304931872 222456 191533408    0    0     0     0 1446 2530  0  0 100  0  0
 0  0      0 304932256 222456 191533440    0    0     0     0 1491 2670  0  0 100  0  0
 0  0      0 304932128 222456 191533456    0    0     0    12 1463 2696  0  0 100  0  0
 0  0      0 304932128 222456 191533456    0    0     0     0 1562 2663  0  0 100  0  0
 0  0      0 304932128 222456 191533456    0    0     0     0 1467 2554  0  0 100  0  0
 0  0      0 304932160 222456 191533456    0    0     0     0 1516 2644  0  0 100  0  0
 0  0      0 304932160 222456 191533456    0    0     0     0 1486 2634  0  0 100  0  0
 0  0      0 304931968 222456 191533504    0    0     0    12 1495 2770  0  0 100  0  0
 0  0      0 304932224 222456 191533536    0    0     0     0 1384 2525  0  0 100  0  0
 0  0      0 304932224 222456 191533536    0    0     0     0 1475 2586  0  0 100  0  0
 0  0      0 304932608 222456 191533552    0    0     0     0 1398 2456  0  0 100  0  0
 0  0      0 304932608 222456 191533552    0    0     0    12 1418 2530  0  0 100  0  0
 0  0      0 304932640 222456 191533568    0    0     0    12 1528 2843  0  0 100  0  0
 0  0      0 304932640 222456 191533568    0    0     0    32 1441 2565  0  0 100  0  0
 0  0      0 304932768 222456 191533600    0    0     0     0 1419 2488  0  0 100  0  0
 0  0      0 304932768 222456 191533600    0    0     0     0 1393 2446  0  0 100  0  0
 0  0      0 304932768 222456 191533600    0    0     0    20 1598 2730  0  0 100  0  0
 0  0      0 304932864 222456 191533632    0    0     0    12 1645 2813  0  0 100  0  0
procs -----------memory---------- ---swap-- -----io---- -system-- ------cpu-----
 r  b   swpd   free   buff  cache   si   so    bi    bo   in   cs us sy id wa st
 0  0      0 304932864 222456 191533632    0    0     0     0 1469 2562  0  0 100  0  0
 0  0      0 304932864 222456 191533648    0    0     0     0 1379 2502  0  0 100  0  0
 0  0      0 304932864 222456 191533648    0    0     0     0 1400 2526  0  0 100  0  0
 0  0      0 304932864 222456 191533648    0    0     0   456 1521 2681  0  0 100  0  0
 0  0      0 304932928 222456 191533680    0    0     0    16 1464 2740  0  0 100  0  0
 0  0      0 304933056 222456 191533696    0    0     0     0 1407 2491  0  0 100  0  0
 0  0      0 304933280 222456 191533696    0    0     0     0 1528 2615  0  0 100  0  0
 0  0      0 304933280 222456 191533696    0    0     0     0 1436 2540  0  0 100  0  0
 0  0      0 304933408 222456 191533696    0    0     0    64 1469 2576  0  0 100  0  0
 0  0      0 304933440 222456 191533728    0    0     0   140 1489 2783  0  0 100  0  0
 0  0      0 304933440 222456 191533760    0    0     0     0 1440 2580  0  0 100  0  0
 0  0      0 304933440 222456 191533760    0    0     0     0 1457 2561  0  0 100  0  0
 0  0      0 304933568 222456 191533760    0    0     0     0 1359 2466  0  0 100  0  0
 0  0      0 304933568 222456 191533792    0    0     0     0 1430 2566  0  0 100  0  0
 0  0      0 304933568 222456 191533792    0    0     0    12 1480 2799  0  0 100  0  0
 1  0      0 304933760 222456 191533792    0    0     0     0 1471 2667  0  0 100  0  0
 0  0      0 304933504 222456 191533824    0    0     0     0 1414 2494  0  0 100  0  0
 0  0      0 304933568 222456 191533824    0    0     0     0 1382 2435  0  0 100  0  0
 0  0      0 304933568 222456 191533824    0    0     0     0 1473 2636  0  0 100  0  0
 0  0      0 304933760 222456 191533840    0    0     0    12 1553 2897  0  0 100  0  0
 1  0      0 304933760 222456 191533856    0    0     0     0 1359 2485  0  0 100  0  0
procs -----------memory---------- ---swap-- -----io---- -system-- ------cpu-----
 r  b   swpd   free   buff  cache   si   so    bi    bo   in   cs us sy id wa st
 0  0      0 304933760 222456 191533856    0    0     0     0 1420 2557  0  0 100  0  0
 0  0      0 304933760 222456 191533856    0    0     0     0 1453 2592  0  0 100  0  0
 0  0      0 304933760 222456 191533888    0    0     0    12 1481 2679  0  0 100  0  0
 0  0      0 304933760 222456 191533920    0    0     0    12 1480 2704  0  0 100  0  0
 1  0      0 304933888 222456 191533920    0    0     0     0 1455 2585  0  0 100  0  0
 0  0      0 304933888 222456 191533920    0    0     0     0 1412 2530  0  0 100  0  0
 1  0      0 304933888 222456 191533936    0    0     0     0 1517 2664  0  0 100  0  0
 0  0      0 304933760 222456 191533952    0    0     0    12 1403 2531  0  0 100  0  0
 0  0      0 304933760 222456 191533952    0    0     0    28 1513 2728  0  0 100  0  0
 0  0      0 304933824 222456 191533952    0    0     0     0 1446 2632  0  0 100  0  0
 0  0      0 304933824 222456 191533952    0    0     0     0 1401 2530  0  0 100  0  0
 0  0      0 304933824 222456 191533984    0    0     0     0 1451 2548  0  0 100  0  0
 0  0      0 304933824 222456 191534016    0    0     0    68 1515 2844  0  0 100  0  0
 0  0      0 304933824 222456 191534016    0    0     0    16 1637 3108  0  0 100  0  0
 1  0      0 304933824 222456 191534016    0    0     0     0 1592 2820  0  0 100  0  0
 0  0      0 304933824 222456 191534048    0    0     0     0 1427 2479  0  0 100  0  0
 0  0      0 304933696 222456 191534048    0    0     0     0 1442 2552  0  0 100  0  0
 0  0      0 304933760 222456 191534048    0    0     0   448 1884 3221  0  0 100  0  0
 0  0      0 304933760 222456 191534048    0    0     0   244 1537 2833  0  0 100  0  0
 0  0      0 304933056 222456 191534080    0    0     0     0 1434 2611  0  0 100  0  0
 0  0      0 304933056 222456 191534112    0    0     0     0 1392 2497  0  0 100  0  0
procs -----------memory---------- ---swap-- -----io---- -system-- ------cpu-----
 r  b   swpd   free   buff  cache   si   so    bi    bo   in   cs us sy id wa st
 0  0      0 304933024 222456 191534112    0    0     0     0 1438 2583  0  0 100  0  0
 0  0      0 304933184 222456 191534112    0    0     0     0 1510 2755  0  0 100  0  0
 0  0      0 304933056 222456 191534144    0    0     0    12 1513 2834  0  0 100  0  0
 1  0      0 304933184 222456 191534144    0    0     0     0 1409 2540  0  0 100  0  0
 0  0      0 304933184 222456 191534144    0    0     0     0 1447 2592  0  0 100  0  0
 0  0      0 304933184 222456 191534144    0    0     0     0 1484 2592  0  0 100  0  0
 0  0      0 304933184 222456 191534144    0    0     0     0 1467 2585  0  0 100  0  0
 0  0      0 304933184 222456 191534144    0    0     0    16 1520 2782  0  0 100  0  0
 0  0      0 304933056 222456 191534192    0    0     0    40 1461 2640  0  0 100  0  0
 0  0      0 304933312 222456 191534208    0    0     0     0 1438 2613  0  0 100  0  0
 0  0      0 304933280 222456 191534208    0    0     0     0 1427 2504  0  0 100  0  0
 0  0      0 304933280 222456 191534208    0    0     0    16 1406 2457  0  0 100  0  0
 0  0      0 304931200 222456 191534208    0    0     0    12 1492 2796  0  0 100  0  0
 0  0      0 304931200 222456 191534208    0    0     0     0 1488 2612  0  0 100  0  0
 0  0      0 304931200 222456 191534208    0    0     0     0 1408 2492  0  0 100  0  0
 0  0      0 304931200 222456 191534208    0    0     0     0 1411 2527  0  0 100  0  0
 0  0      0 304931200 222456 191534208    0    0     0    24 1488 2645  0  0 100  0  0
 0  0      0 304931392 222456 191534304    0    0     0    12 1553 2855  0  0 100  0  0
 0  0      0 304931520 222456 191534320    0    0     0     0 1424 2613  0  0 100  0  0
 2  0      0 304924224 222480 191543312    0    0     4     0 8719 7370  0  0 99  0  0
 0  0      0 304881024 222532 191581616    0    0     0     0 25219 19068  1  0 99  0  0
procs -----------memory---------- ---swap-- -----io---- -system-- ------cpu-----
 r  b   swpd   free   buff  cache   si   so    bi    bo   in   cs us sy id wa st
 0  0      0 304880992 222532 191581680    0    0     0    72 1742 2942  0  0 100  0  0
 1  0      0 304864288 222532 191586480    0    0     0    16 16599 4522  1  1 99  0  0
