procs -----------memory---------- ---swap-- -----io---- -system-- ------cpu-----
 r  b   swpd   free   buff  cache   si   so    bi    bo   in   cs us sy id wa st
 2  0      0 25703488    800 96114416    0    0     0    15    1    1  0  0 100  0  0
 0  0      0 25701604    800 96114416    0    0     0     0 1112 1476  0  0 100  0  0
 0  0      0 25701604    800 96114416    0    0     0     0  842 1548  0  0 100  0  0
 0  0      0 25701604    800 96114416    0    0     0    80  985 1518  0  0 100  0  0
 2  0      0 25699360    800 96114416    0    0     0     0 1105 1793  0  0 100  0  0
 0  0      0 25696792    800 96114416    0    0     0     0 1229 1617  0  0 100  0  0
 0  0      0 25696792    800 96114416    0    0     0     0  867 1634  0  0 100  0  0
 0  0      0 25696792    800 96114416    0    0     0     0  925 1432  0  0 100  0  0
 8  0      0 25630008    800 96114640    0    0     0     0 3003 10882  1  0 99  0  0
 2  0      0 25421420    800 96114816    0    0     0     0 5889 17826  4  0 96  0  0
 3  0      0 25227820    800 96114832    0    0     0     0 7976 11733  3  0 96  0  0
 3  0      0 25118028    800 96123120    0    0     0     0 4097 12759  2  0 98  0  0
 2  0      0 25036312    800 96184400    0    0     0     0 10890 36075  2  0 98  0  0
12  0      0 24732508    800 96271792    0    0     0   264 7831 16023  4  0 96  0  0
 5  0      0 24559720    800 96271856    0    0     0     0 18444 13071  9  0 91  0  0
12  0      0 24521880    800 96271856    0    0     0     0 46685 13176  5  0 95  0  0
 7  0      0 24506784    800 96271888    0    0     0     0 21617 10449  5  0 95  0  0
 1  0      0 24502584    800 96271920    0    0     0     0 5463 10057  2  0 98  0  0
 0  0      0 24500644    800 96271928    0    0     0     0 10152 7559  2  0 98  0  0
 2  0      0 24472176    800 96271976    0    0     0     0 9246 14088  3  0 97  0  0
 8  0      0 24432172    800 96272080    0    0     0     0 22682 19861  6  0 94  0  0
procs -----------memory---------- ---swap-- -----io---- -system-- ------cpu-----
 r  b   swpd   free   buff  cache   si   so    bi    bo   in   cs us sy id wa st
 0  0      0 24426880    800 96194544    0    0     0     0 18154 18962  3  0 96  0  0
