procs -----------memory---------- ---swap-- -----io---- -system-- ------cpu-----
 r  b   swpd   free   buff  cache   si   so    bi    bo   in   cs us sy id wa st
 2  0      0 354976832   2792 144428720    0    0     0    15    1    0  0  0 100  0  0
 0  0      0 354974496   2792 144428720    0    0     0     0  929 1538  0  0 100  0  0
 0  0      0 354976128   2792 144428800    0    0     0     0  930 1578  0  0 100  0  0
 0  0      0 354976128   2792 144428800    0    0     0    36  841 1542  0  0 100  0  0
 1  0      0 354973408   2792 144428832    0    0     0     0 1220 1758  0  0 100  0  0
 0  0      0 354970400   2792 144428832    0    0     0     0 1051 1574  0  0 100  0  0
 0  0      0 354970016   2792 144428896    0    0     0     0  938 1525  0  0 100  0  0
 0  0      0 354970016   2792 144428896    0    0     0     0  748 1396  0  0 100  0  0
 2  0      0 354900224   2792 144429056    0    0     0     0 3756 11362  1  0 99  0  0
 2  0      0 354718688   2792 144429088    0    0     0     0 5530 16154  3  0 96  0  0
 3  0      0 354528640   2792 144429296    0    0     0     0 5869 10771  4  0 96  0  0
 8  0      0 354478656   2792 144429296    0    0     0     0 5358 9511  2  0 98  0  0
 1  0      0 354411424   2792 144485472    0    0     0     0 20115 38947  2  0 98  0  0
14  0      0 354229536   2792 144585920    0    0     0    24 9723 18648  3  0 97  0  0
 8  0      0 353915904   2792 144585984    0    0     0     0 44137 12089  8  1 90  0  0
 3  0      0 353891136   2792 144585984    0    0     0     0 43395 9987  5  0 95  0  0
 0  0      0 353884736   2792 144585984    0    0     0     0 3972 5101  1  0 99  0  0
 2  0      0 353882144   2792 144585984    0    0     0     0 3474 6762  1  0 98  0  0
 0  0      0 353881280   2792 144586064    0    0     0   268 2134 5499  1  0 99  0  0
 6  0      0 353892032   2792 144586064    0    0     0     0 4238 7851  1  0 99  0  0
 9  0      0 353870720   2792 144586096    0    0     0     0 8955 16882  3  0 97  0  0
procs -----------memory---------- ---swap-- -----io---- -system-- ------cpu-----
 r  b   swpd   free   buff  cache   si   so    bi    bo   in   cs us sy id wa st
 0  0      0 353894016   2792 144508448    0    0     0     0 21380 19693  5  0 95  0  0
 0  0      0 354887648   2792 144508464    0    0     0     0 9191 2042  0  0 100  0  0
