procs -----------memory---------- ---swap-- -----io---- -system-- ------cpu-----
 r  b   swpd   free   buff  cache   si   so    bi    bo   in   cs us sy id wa st
 2  0      0 122697992   7104 764068    0    0     0     0    1    1  0  0 100  0  0
 0  0      0 122691648   7104 764120    0    0     0     0 2021 2774  0  0 100  0  0
 1  0      0 122691520   7104 764120    0    0     0     0 1347 2423  0  0 100  0  0
 0  0      0 122691304   7104 764136    0    0     0    36 1424 2391  0  0 100  0  0
70  0      0 121044144   7104 764664    0    0     0     0 37113 160991 19  3 78  0  0
73  0      0 120705440   7104 771720    0    0     0    80 81982 354880 36  5 60  0  0
75  0      0 120294976   7104 772044    0    0     0    24 80001 382077 36  5 60  0  0
10  0      0 120066448   7104 794076    0    0     0    64 76263 383911 32  4 64  0  0
 3  0      0 120061800   7104 927976    0    0     0    72 74026 355512 27  4 69  0  0
10  0      0 120091000   7104 928424    0    0    28   112 73246 331530 29  5 66  0  0
30  0      0 121115200   7104 928224    0    0     0   108 94847 386343 29  6 66  0  0
56  0      0 120395792   7104 928416    0    0     0     0 74615 438108 32  4 64  0  0
54  0      0 120019360   7104 929304    0    0     0     0 80051 493465 34  4 62  0  0
12  0      0 119825536   7104 928372    0    0     0     0 69741 413236 27  4 69  0  0
26  0      0 120717664   7104 928232    0    0     0     0 75844 396757 25  4 71  0  0
53  0      0 120806384   7104 929328    0    0     0     0 76233 427478 28  5 67  0  0
75  0      0 120136704   7104 930208    0    0     0     0 80908 512509 33  5 62  0  0
15  0      0 119847408   7104 929852    0    0     0     0 80483 476364 31  4 64  0  0
 8  0      0 119908480   7104 930240    0    0     0    48 68892 397804 25  4 71  0  0
37  0      0 120744368   7104 930340    0    0     0     0 79143 409314 26  5 69  0  0
62  0      0 120281072   7104 931660    0    0     0     0 81591 498777 33  4 62  0  0
procs -----------memory---------- ---swap-- -----io---- -system-- ------cpu-----
 r  b   swpd   free   buff  cache   si   so    bi    bo   in   cs us sy id wa st
18  0      0 119840944   7104 931844    0    0     0     0 77621 516124 31  4 64  0  0
 6  0      0 120139504   7104 931996    0    0     0     0 72792 416150 25  4 71  0  0
47  0      0 120954008   7104 932096    0    0     0    56 80844 406297 26  5 69  0  0
43  0      0 120310736   7104 932848    0    0     0     0 81448 497599 33  5 63  0  0
 1  0      0 122527328   7104 851476    0    0     0   432 35403 130915  8  2 90  0  0
