procs -----------memory---------- ---swap-- -----io---- -system-- ------cpu-----
 r  b   swpd   free   buff  cache   si   so    bi    bo   in   cs us sy id wa st
 3  0      0 308650784 216524 190253392    0    0     0    13    0    0  0  0 100  0  0
 1  0      0 308642528 216524 190253424    0    0     0     0 1837 2722  0  0 100  0  0
 0  0      0 308644864 216524 190253008    0    0     0     0 1373 2449  0  0 100  0  0
 0  0      0 308644992 216524 190253008    0    0     0    24 1237 2280  0  0 100  0  0
71  0      0 307043648 216524 190257600    0    0     0     0 37342 150919 19  3 78  0  0
49  0      0 306816928 216524 190259488    0    0     0    84 72350 334249 34  5 62  0  0
72  0      0 306413024 216524 190259872    0    0     0   100 78550 365147 36  5 59  0  0
55  0      0 306082592 216524 190266752    0    0     0     0 81828 408498 35  5 60  0  0
 4  0      0 305836032 216524 190332576    0    0     0    44 87451 417026 30  4 65  0  0
 1  0      0 305664128 216524 190416816    0    0     0     0 73672 335536 31  4 65  0  0
 1  0      0 305764192 216524 190416928    0    0     0    28 69115 322665 28  4 68  0  0
15  0      0 306786144 216524 190417120    0    0     0     0 76294 338353 29  6 65  0  0
24  0      0 307099456 216524 190417536    0    0     0     0 79936 358819 30  5 65  0  0
69  0      0 306649600 216524 190416512    0    0     0     8 71924 382064 32  4 64  0  0
58  0      0 306074016 216524 190417072    0    0     0   220 80100 454744 34  5 61  0  0
28  0      0 305703264 216524 190418928    0    0     0  1432 76088 477872 32  5 64  0  0
 5  0      0 305910208 216524 190418304    0    0     0    48 70110 368436 25  4 70  0  0
15  0      0 306066112 216524 190417776    0    0     0    60 69818 401921 27  4 68  0  0
42  0      0 306695168 216524 190419008    0    0     0    92 73335 398157 28  5 67  0  0
59  0      0 306265248 216524 190418368    0    0     0     0 79691 483909 33  5 62  0  0
31  0      0 305837984 216524 190416912    0    0     0     0 78624 510942 32  4 64  0  0
procs -----------memory---------- ---swap-- -----io---- -system-- ------cpu-----
 r  b   swpd   free   buff  cache   si   so    bi    bo   in   cs us sy id wa st
 6  0      0 305938208 216524 190418064    0    0     0     0 72878 430379 26  4 70  0  0
37  0      0 306521120 216524 190418304    0    0     0     0 76673 416096 26  5 69  0  0
40  0      0 306495776 216524 190418976    0    0     0    64 79086 469505 30  5 66  0  0
55  0      0 306099904 216524 190420608    0    0     0     0 80128 523317 33  5 62  0  0
 0  0      0 308477056 216524 190344352    0    0     0     0 33025 89557  5  2 93  0  0
