procs -----------memory---------- ---swap-- -----io---- -system-- ------cpu-----
 r  b   swpd   free   buff  cache   si   so    bi    bo   in   cs us sy id wa st
 3  0      0 304897024 222600 191534208    0    0     0    13    0    0  0  0 100  0  0
 0  0      0 304894336 222600 191534240    0    0     0     0 1525 2513  0  0 100  0  0
 0  0      0 304894272 222600 191534256    0    0     0     0 1601 2710  0  0 100  0  0
 0  0      0 304894272 222600 191534272    0    0     0     0 1302 2518  0  0 100  0  0
 2  0      0 304894400 222600 191534272    0    0     0    32 1501 2618  0  0 100  0  0
 0  0      0 304894400 222600 191534288    0    0     0     0 1360 2557  0  0 100  0  0
 0  0      0 304894400 222600 191534304    0    0     0     0 1517 2600  0  0 100  0  0
 0  0      0 304894400 222600 191534304    0    0     0     0 1354 2512  0  0 100  0  0
 0  0      0 304894400 222600 191534304    0    0     0     0 1447 2601  0  0 100  0  0
 1  0      0 304894528 222600 191534336    0    0     0    72 1472 2666  0  0 100  0  0
 1  0      0 304894528 222600 191534352    0    0     0     0 1516 2739  0  0 100  0  0
 1  0      0 304894528 222600 191534352    0    0     0   264 1396 2484  0  0 100  0  0
 1  0      0 304894560 222600 191534368    0    0     0     0 1368 2492  0  0 100  0  0
 0  0      0 304894560 222600 191534368    0    0     0     0 1412 2620  0  0 100  0  0
 0  0      0 304894688 222600 191534368    0    0     0    40 1599 2837  0  0 100  0  0
 0  0      0 304894688 222600 191534400    0    0     0     0 1371 2478  0  0 100  0  0
 0  0      0 304894688 222600 191534400    0    0     0     0 1347 2412  0  0 100  0  0
 0  0      0 304894656 222600 191534400    0    0     0     0 1444 2557  0  0 100  0  0
 0  0      0 304894560 222600 191534432    0    0     0     0 1493 2753  0  0 100  0  0
 0  0      0 304894560 222600 191534432    0    0     0    12 1443 2610  0  0 100  0  0
 0  0      0 304894560 222600 191534448    0    0     0     0 1360 2477  0  0 100  0  0
procs -----------memory---------- ---swap-- -----io---- -system-- ------cpu-----
 r  b   swpd   free   buff  cache   si   so    bi    bo   in   cs us sy id wa st
 0  0      0 304894560 222600 191534464    0    0     0     0 1386 2448  0  0 100  0  0
 0  0      0 304894560 222600 191534464    0    0     0     0 1503 2660  0  0 100  0  0
 0  0      0 304894560 222600 191534464    0    0     0     0 1419 2612  0  0 100  0  0
 0  0      0 304894560 222600 191534464    0    0     0    24 1416 2611  0  0 100  0  0
 0  0      0 304894368 222600 191534512    0    0     0     0 1482 2530  0  0 100  0  0
 0  0      0 304894368 222600 191534512    0    0     0     0 1437 2588  0  0 100  0  0
 0  0      0 304894368 222600 191534528    0    0     0     0 1420 2511  0  0 100  0  0
 0  0      0 304894240 222600 191534544    0    0     0    16 1407 2594  0  0 100  0  0
 0  0      0 304894272 222600 191534560    0    0     0    32 1462 2663  0  0 100  0  0
 0  0      0 304894272 222600 191534576    0    0     0     0 1484 2631  0  0 100  0  0
 0  0      0 304894144 222600 191534576    0    0     0     0 1349 2443  0  0 100  0  0
 0  0      0 304894144 222600 191534592    0    0     0     0 1450 2560  0  0 100  0  0
 0  0      0 304894144 222600 191534592    0    0     0     0 1384 2579  0  0 100  0  0
 0  0      0 304894144 222600 191534624    0    0     0   416 1554 2785  0  0 100  0  0
 0  0      0 304894144 222600 191534624    0    0     0     0 1430 2508  0  0 100  0  0
 0  0      0 304894240 222600 191534640    0    0     0     0 1377 2422  0  0 100  0  0
 0  0      0 304894240 222600 191534640    0    0     0     0 1391 2509  0  0 100  0  0
 0  0      0 304894240 222600 191534640    0    0     0     0 1525 2766  0  0 100  0  0
 0  0      0 304894240 222600 191534640    0    0     0    92 1491 2583  0  0 100  0  0
 1  0      0 304894240 222600 191534640    0    0     0     0 1365 2463  0  0 100  0  0
 1  0      0 304894240 222600 191534640    0    0     0   152 1365 2480  0  0 100  0  0
procs -----------memory---------- ---swap-- -----io---- -system-- ------cpu-----
 r  b   swpd   free   buff  cache   si   so    bi    bo   in   cs us sy id wa st
 1  0      0 304894400 222600 191534704    0    0     0     0 1512 2728  0  0 100  0  0
 0  0      0 304894400 222600 191534704    0    0     0     0 1421 2609  0  0 100  0  0
 1  0      0 304894624 222600 191534736    0    0     0    24 1510 2678  0  0 100  0  0
 0  0      0 304894624 222600 191534752    0    0     0     0 1448 2525  0  0 100  0  0
 0  0      0 304894624 222600 191534768    0    0     0     0 1466 2602  0  0 100  0  0
 0  0      0 304894752 222600 191534768    0    0     0     0 1428 2594  0  0 100  0  0
 0  0      0 304894624 222600 191534784    0    0     0     0 1394 2594  0  0 100  0  0
 0  0      0 304894624 222600 191534784    0    0     0    16 1433 2594  0  0 100  0  0
 0  0      0 304894752 222600 191534816    0    0     0    40 1491 2684  0  0 100  0  0
 0  0      0 304894752 222600 191534816    0    0     0     0 1340 2447  0  0 100  0  0
 0  0      0 304894752 222600 191534816    0    0     0     0 1409 2559  0  0 100  0  0
 0  0      0 304895008 222600 191534832    0    0     0     0 1424 2656  0  0 100  0  0
 0  0      0 304894784 222600 191534848    0    0     0    24 1505 2755  0  0 100  0  0
 0  0      0 304894784 222600 191534848    0    0     0     0 1391 2464  0  0 100  0  0
 0  0      0 304894784 222600 191534880    0    0     0     0 1373 2453  0  0 100  0  0
 0  0      0 304894784 222600 191534880    0    0     0     0 1425 2602  0  0 100  0  0
 0  0      0 304894784 222600 191534896    0    0     0     0 1609 2720  0  0 100  0  0
 0  0      0 304894784 222600 191534912    0    0     0    12 1536 2607  0  0 100  0  0
 0  0      0 304894784 222600 191534912    0    0     0     0 1326 2428  0  0 100  0  0
 0  0      0 304894880 222600 191534928    0    0     0     0 1392 2484  0  0 100  0  0
 0  0      0 304894880 222600 191534928    0    0     0     0 1593 2806  0  0 100  0  0
procs -----------memory---------- ---swap-- -----io---- -system-- ------cpu-----
 r  b   swpd   free   buff  cache   si   so    bi    bo   in   cs us sy id wa st
 0  0      0 304894784 222600 191534960    0    0     0     0 1405 2530  0  0 100  0  0
 0  0      0 304894784 222600 191534960    0    0     0    44 1399 2557  0  0 100  0  0
 0  0      0 304894656 222600 191534976    0    0     0     0 1428 2556  0  0 100  0  0
 0  0      0 304894656 222600 191534976    0    0     0     0 1432 2554  0  0 100  0  0
 0  0      0 304892672 222600 191534912    0    0     0     0 1579 2722  0  0 100  0  0
 0  0      0 304892672 222600 191534912    0    0     0     0 1405 2547  0  0 100  0  0
 0  0      0 304892800 222600 191534912    0    0     0   484 1448 2578  0  0 100  0  0
 0  0      0 304892800 222600 191534928    0    0     0     0 1520 2665  0  0 100  0  0
 0  0      0 304892800 222600 191534944    0    0     0   112 1364 2486  0  0 100  0  0
 0  0      0 304892800 222600 191534944    0    0     0     0 1464 2591  0  0 100  0  0
 0  0      0 304892800 222600 191534944    0    0     0     0 1395 2563  0  0 100  0  0
 0  0      0 304892928 222600 191534944    0    0     0    24 1531 2759  0  0 100  0  0
 0  0      0 304893056 222600 191534976    0    0     0     0 1398 2480  0  0 100  0  0
 0  0      0 304893056 222600 191534976    0    0     0     0 1366 2414  0  0 100  0  0
 0  0      0 304893056 222600 191535008    0    0     0     0 1522 2679  0  0 100  0  0
 0  0      0 304893184 222600 191535008    0    0     0     0 1443 2704  0  0 100  0  0
 0  0      0 304893184 222600 191535008    0    0     0    16 1391 2560  0  0 100  0  0
 0  0      0 304892928 222600 191535040    0    0     0    24 1429 2531  0  0 100  0  0
 0  0      0 304892928 222600 191535040    0    0     0    40 1363 2454  0  0 100  0  0
 0  0      0 304893024 222600 191535072    0    0     0     0 1560 2766  0  0 100  0  0
 0  0      0 304893024 222600 191535072    0    0     0     0 1387 2589  0  0 100  0  0
procs -----------memory---------- ---swap-- -----io---- -system-- ------cpu-----
 r  b   swpd   free   buff  cache   si   so    bi    bo   in   cs us sy id wa st
 0  0      0 304893152 222600 191535088    0    0     0    24 1402 2571  0  0 100  0  0
 0  0      0 304893152 222600 191535104    0    0     0     0 1397 2528  0  0 100  0  0
 0  0      0 304893024 222600 191535104    0    0     0     0 1459 2601  0  0 100  0  0
 0  0      0 304893024 222600 191535120    0    0     0     0 1420 2527  0  0 100  0  0
 0  0      0 304893152 222600 191535136    0    0     0    16 1408 2613  0  0 100  0  0
 0  0      0 304893152 222600 191535136    0    0     0    12 1483 2664  0  0 100  0  0
 0  0      0 304893152 222600 191535168    0    0     0     0 1455 2642  0  0 100  0  0
 0  0      0 304893152 222600 191535168    0    0     0     0 1346 2450  0  0 100  0  0
 0  0      0 304893152 222600 191535168    0    0     0     0 1458 2581  0  0 100  0  0
 0  0      0 304892896 222600 191535200    0    0     0     0 1375 2563  0  0 100  0  0
 0  0      0 304892896 222600 191535200    0    0     0    36 1515 2713  0  0 100  0  0
 0  0      0 304892896 222600 191535232    0    0     0     0 1441 2520  0  0 100  0  0
 0  0      0 304893024 222600 191535216    0    0     0     0 1343 2426  0  0 100  0  0
 0  0      0 304893024 222600 191535216    0    0     0     0 1423 2560  0  0 100  0  0
 0  0      0 304893024 222600 191535248    0    0     0     0 1504 2751  0  0 100  0  0
 0  0      0 304893024 222600 191535248    0    0     0    52 1413 2554  0  0 100  0  0
 0  0      0 304893024 222600 191535280    0    0     0     0 1421 2537  0  0 100  0  0
 0  0      0 304893024 222600 191535280    0    0     0   144 1426 2535  0  0 100  0  0
 0  0      0 304893024 222600 191535296    0    0     0     0 1553 2740  0  0 100  0  0
 0  0      0 304893024 222600 191535296    0    0     0     0 1377 2539  0  0 100  0  0
 0  0      0 304893024 222600 191535312    0    0     0   456 1468 2627  0  0 100  0  0
procs -----------memory---------- ---swap-- -----io---- -system-- ------cpu-----
 r  b   swpd   free   buff  cache   si   so    bi    bo   in   cs us sy id wa st
 0  0      0 304893024 222600 191535312    0    0     0     0 1494 2505  0  0 100  0  0
 0  0      0 304892800 222600 191535328    0    0     0     0 1473 2612  0  0 100  0  0
 0  0      0 304892800 222600 191535328    0    0     0     0 1440 2630  0  0 100  0  0
 0  0      0 304892800 222600 191535360    0    0     0     0 1399 2562  0  0 100  0  0
 0  0      0 304892800 222600 191535360    0    0     0    12 1412 2591  0  0 100  0  0
 0  0      0 304892672 222600 191535376    0    0     0     0 1500 2667  0  0 100  0  0
 0  0      0 304892672 222600 191535376    0    0     0    28 1336 2414  0  0 100  0  0
 0  0      0 304892800 222600 191535392    0    0     0     0 1438 2601  0  0 100  0  0
 0  0      0 304892800 222600 191535392    0    0     0     0 1395 2580  0  0 100  0  0
 0  0      0 304892800 222600 191535424    0    0     0    28 1492 2710  0  0 100  0  0
 0  0      0 304892800 222600 191535424    0    0     0     0 1409 2464  0  0 100  0  0
 0  0      0 304892800 222600 191535440    0    0     0     0 1375 2450  0  0 100  0  0
 0  0      0 304892800 222600 191535456    0    0     0     0 1443 2617  0  0 100  0  0
 0  0      0 304892672 222600 191535488    0    0     0     0 1476 2715  0  0 100  0  0
 0  0      0 304892672 222600 191535488    0    0     0    12 1443 2568  0  0 100  0  0
 0  0      0 304892672 222600 191535504    0    0     0     0 1382 2478  0  0 100  0  0
 0  0      0 304892672 222600 191535504    0    0     0     0 1372 2456  0  0 100  0  0
 0  0      0 304892576 222600 191535520    0    0     0     0 1559 2767  0  0 100  0  0
 0  0      0 304892576 222600 191535520    0    0     0     0 1400 2592  0  0 100  0  0
 1  0      0 304892576 222600 191535536    0    0     0    32 1422 2539  0  0 100  0  0
 0  0      0 304892576 222600 191535536    0    0     0     0 1429 2510  0  0 100  0  0
procs -----------memory---------- ---swap-- -----io---- -system-- ------cpu-----
 r  b   swpd   free   buff  cache   si   so    bi    bo   in   cs us sy id wa st
 0  0      0 304892576 222600 191535536    0    0     0     0 1523 2661  0  0 100  0  0
 0  0      0 304892576 222600 191535536    0    0     0     0 1415 2506  0  0 100  0  0
 0  0      0 304892576 222600 191535536    0    0     0     0 1385 2577  0  0 100  0  0
 0  0      0 304845152 222632 191583088    0    0     0    48 33379 24708  0  1 99  0  0
 0  0      0 304845312 222632 191584512    0    0     0     0 1438 2602  0  0 100  0  0
 1  0      0 304837632 222632 191584912    0    0     0    76 2793 3400  0  0 100  0  0
