procs -----------memory---------- ---swap-- -----io---- -system-- ------cpu-----
 r  b   swpd   free   buff  cache   si   so    bi    bo   in   cs us sy id wa st
 2  0      0 106218832  30068 14313932    0    0     0     0    1    1  0  0 100  0  0
 0  0      0 106216616  30068 14313932    0    0     0    12 1590 2656  0  0 100  0  0
 0  0      0 106216728  30068 14313956    0    0     0     0 1473 2650  0  0 100  0  0
 1  0      0 106216880  30068 14313964    0    0     0     0 1501 2644  0  0 100  0  0
 0  0      0 106216880  30068 14313968    0    0     0    12 1467 2523  0  0 100  0  0
 0  0      0 106216896  30068 14313996    0    0     0     0 1393 2530  0  0 100  0  0
 0  0      0 106216896  30068 14313996    0    0     0    12 1567 2678  0  0 100  0  0
 0  0      0 106216976  30068 14314016    0    0     0     0 2527 3388  0  0 100  0  0
 0  0      0 106217072  30068 14314028    0    0     0     4 2420 3024  0  0 100  0  0
 1  0      0 106217072  30068 14314028    0    0     0    48 2993 3313  0  0 100  0  0
 1  0      0 106217616  30068 14314052    0    0     0     0 2484 3075  0  0 100  0  0
 1  0      0 106217584  30068 14314056    0    0     0    16 2722 3430  0  0 100  0  0
 1  0      0 106217616  30068 14314052    0    0     0     0 3144 3452  0  0 100  0  0
 0  0      0 106217616  30068 14314084    0    0     0     0 1532 2563  0  0 100  0  0
 0  0      0 106217616  30068 14314084    0    0     0     0 2548 3078  0  0 100  0  0
 0  0      0 106217744  30068 14314104    0    0     0     0 2830 3363  0  0 100  0  0
 0  0      0 106217864  30068 14314108    0    0     0    12 2315 3089  0  0 100  0  0
 0  0      0 106218480  30068 14314132    0    0     0     0 3292 3479  0  0 100  0  0
 0  0      0 106218480  30068 14314132    0    0     0     0 3154 3407  0  0 100  0  0
 0  0      0 106218352  30068 14314152    0    0     0    36 1839 2880  0  0 100  0  0
 0  0      0 106218352  30068 14314160    0    0     0     0 1399 2502  0  0 100  0  0
procs -----------memory---------- ---swap-- -----io---- -system-- ------cpu-----
 r  b   swpd   free   buff  cache   si   so    bi    bo   in   cs us sy id wa st
 1  0      0 106218352  30068 14314160    0    0     0    12 2515 3145  0  0 100  0  0
 3  0      0 106218600  30068 14314164    0    0     0   320 3155 3537  0  0 100  0  0
 1  0      0 106218720  30068 14314196    0    0     0     0 2915 3335  0  0 100  0  0
 0  0      0 106218816  30068 14314196    0    0     0    12 1445 2527  0  0 100  0  0
 1  0      0 106218600  30068 14314220    0    0     0     0 2929 3272  0  0 100  0  0
 0  0      0 106218848  30068 14314224    0    0     0    12 3400 3610  0  0 100  0  0
 0  0      0 106215248  30076 14318756    0    0  4156     0 3145 3531  0  0 100  0  0
 0  0      0 106214696  30080 14319532    0    0   668     0 2019 2790  0  0 100  0  0
 0  0      0 106214632  30080 14319556    0    0     0    16 1435 2552  0  0 100  0  0
 0  0      0 106214704  30080 14319092    0    0     0     0 1411 2522  0  0 100  0  0
 0  0      0 106214832  30080 14319092    0    0     0    16 1548 2837  0  0 100  0  0
 0  0      0 106214832  30080 14319120    0    0     0     0 1528 2570  0  0 100  0  0
 0  0      0 106214936  30080 14319120    0    0     0     0 1402 2471  0  0 100  0  0
 0  0      0 106214936  30080 14319140    0    0     0   400 1493 2595  0  0 100  0  0
 0  0      0 106214896  30080 14319144    0    0     0     0 1656 2740  0  0 100  0  0
 0  0      0 106215152  30080 14319144    0    0     0    20 1558 2651  0  0 100  0  0
 1  0      0 106215152  30080 14319144    0    0     0     0 1441 2552  0  0 100  0  0
 0  0      0 106214656  30080 14319144    0    0     0     0 1469 2519  0  0 100  0  0
 0  0      0 106214656  30080 14319144    0    0     0    52 1535 2680  0  0 100  0  0
 0  0      0 106214656  30080 14319144    0    0     0     0 1395 2494  0  0 100  0  0
 0  0      0 106214656  30080 14319144    0    0     0    16 1432 2662  0  0 100  0  0
procs -----------memory---------- ---swap-- -----io---- -system-- ------cpu-----
 r  b   swpd   free   buff  cache   si   so    bi    bo   in   cs us sy id wa st
 0  0      0 106214656  30080 14319144    0    0     0     0 1406 2534  0  0 100  0  0
 1  0      0 106214656  30080 14319144    0    0     0     0 1489 2641  0  0 100  0  0
 0  0      0 106214896  30080 14319152    0    0     0     0 1424 2513  0  0 100  0  0
 0  0      0 106214896  30080 14319152    0    0     0     0 1421 2528  0  0 100  0  0
 0  0      0 106214896  30080 14319152    0    0     0    16 1519 2750  0  0 100  0  0
 0  0      0 106214896  30080 14319152    0    0     0     0 1486 2664  0  0 100  0  0
 1  0      0 106214896  30080 14319152    0    0     0     0 1447 2482  0  0 100  0  0
 0  0      0 106214896  30080 14319152    0    0     0    48 1425 2530  0  0 100  0  0
 0  0      0 106214896  30092 14319140    0    0     0    40 1393 2512  0  0 100  0  0
 0  0      0 106214896  30092 14319140    0    0     0    12 1573 2864  0  0 100  0  0
 0  0      0 106214528  30092 14319340    0    0     0   216 1416 2566  0  0 100  0  0
 1  0      0 106214544  30092 14319360    0    0     0     0 1395 2501  0  0 100  0  0
 0  0      0 106214608  30092 14319360    0    0     0    12 1392 2504  0  0 100  0  0
 0  0      0 106214608  30092 14319360    0    0     0     0 1496 2671  0  0 100  0  0
 1  0      0 106214608  30092 14319360    0    0     0    12 1448 2668  0  0 100  0  0
 0  0      0 106214736  30092 14319360    0    0     0     0 1381 2504  0  0 100  0  0
 0  0      0 106214736  30092 14319360    0    0     0     0 1471 2534  0  0 100  0  0
 0  0      0 106214736  30092 14319360    0    0     0     0 1502 2660  0  0 100  0  0
 0  0      0 106214736  30092 14319360    0    0     0    16 1383 2512  0  0 100  0  0
 0  0      0 106214736  30092 14319360    0    0     0    12 1481 2726  0  0 100  0  0
 0  0      0 106214736  30092 14319360    0    0     0     0 1409 2510  0  0 100  0  0
procs -----------memory---------- ---swap-- -----io---- -system-- ------cpu-----
 r  b   swpd   free   buff  cache   si   so    bi    bo   in   cs us sy id wa st
 0  0      0 106214736  30092 14319360    0    0     0     0 1514 2657  0  0 100  0  0
 0  0      0 106214736  30092 14319360    0    0     0    20 1371 2458  0  0 100  0  0
 0  0      0 106214736  30092 14319360    0    0     0     0 1405 2510  0  0 100  0  0
 0  0      0 106214736  30092 14319360    0    0     0    12 1489 2722  0  0 100  0  0
 0  0      0 106214736  30092 14319360    0    0     0     0 1516 2624  0  0 100  0  0
 0  0      0 106214736  30092 14319360    0    0     0     0 1429 2470  0  0 100  0  0
 0  0      0 106214736  30092 14319360    0    0     0   456 1460 2534  0  0 100  0  0
 0  0      0 106214736  30092 14319360    0    0     0     0 1431 2548  0  0 100  0  0
 0  0      0 106214736  30092 14319360    0    0     0    16 1613 2897  0  0 100  0  0
 0  0      0 106214736  30092 14319360    0    0     0     0 1353 2394  0  0 100  0  0
 0  0      0 106214736  30092 14319360    0    0     0     0 1424 2484  0  0 100  0  0
 0  0      0 106214736  30092 14319360    0    0     0     0 1447 2520  0  0 100  0  0
 0  0      0 106214736  30092 14319360    0    0     0     0 1484 2678  0  0 100  0  0
 0  0      0 106214736  30092 14319360    0    0     0    16 1517 2726  0  0 100  0  0
 0  0      0 106214976  30092 14319616    0    0     0     0 1418 2534  0  0 100  0  0
 0  0      0 106215000  30092 14319616    0    0     0     0 1445 2506  0  0 100  0  0
 1  0      0 106212480  30092 14319648    0    0     0    36 1624 2703  0  0 100  0  0
 0  0      0 106212512  30092 14319648    0    0     0    24 1466 2528  0  0 100  0  0
 0  0      0 106212512  30104 14319636    0    0     0    52 1468 2684  0  0 100  0  0
 0  0      0 106212704  30104 14319672    0    0     0   172 1411 2531  0  0 100  0  0
 0  0      0 106212752  30104 14319696    0    0     0     0 1535 2663  0  0 100  0  0
procs -----------memory---------- ---swap-- -----io---- -system-- ------cpu-----
 r  b   swpd   free   buff  cache   si   so    bi    bo   in   cs us sy id wa st
 0  0      0 106212880  30104 14319696    0    0     0    16 1412 2498  0  0 100  0  0
 0  0      0 106212880  30104 14319696    0    0     0     0 1412 2522  0  0 100  0  0
 0  0      0 106212752  30104 14319700    0    0     0    12 1485 2701  0  0 100  0  0
 0  0      0 106212752  30104 14319700    0    0     0     0 1471 2583  0  0 100  0  0
 0  0      0 106212752  30104 14319700    0    0     0     0 1443 2476  0  0 100  0  0
 0  0      0 106212752  30104 14319700    0    0     0     0 1454 2548  0  0 100  0  0
 0  0      0 106212752  30104 14319700    0    0     0     0 1372 2536  0  0 100  0  0
 0  0      0 106212752  30104 14319700    0    0     0    12 1568 2864  0  0 100  0  0
 0  0      0 106212752  30104 14319700    0    0     0     0 1384 2456  0  0 100  0  0
 0  0      0 106212752  30104 14319700    0    0     0     0 1417 2517  0  0 100  0  0
 0  0      0 106212752  30104 14319700    0    0     0    12 1397 2538  0  0 100  0  0
 0  0      0 106212752  30104 14319700    0    0     0     0 1538 2714  0  0 100  0  0
 0  0      0 106212752  30104 14319700    0    0     0    12 1418 2618  0  0 100  0  0
 0  0      0 106212752  30104 14319700    0    0     0     0 1369 2448  0  0 100  0  0
 0  0      0 106212752  30104 14319700    0    0     0     0 1494 2561  0  0 100  0  0
 0  0      0 106212752  30104 14319700    0    0     0    52 1519 2699  0  0 100  0  0
 0  0      0 106212752  30104 14319700    0    0     0     0 1416 2536  0  0 100  0  0
 0  0      0 106212752  30104 14319700    0    0     0    16 1471 2653  0  0 100  0  0
 0  0      0 106212752  30104 14319700    0    0     0     0 1360 2448  0  0 100  0  0
 0  0      0 106212752  30104 14319700    0    0     0     0 1517 2678  0  0 100  0  0
 0  0      0 106212752  30104 14319700    0    0     0   408 1402 2514  0  0 100  0  0
procs -----------memory---------- ---swap-- -----io---- -system-- ------cpu-----
 r  b   swpd   free   buff  cache   si   so    bi    bo   in   cs us sy id wa st
 0  0      0 106212752  30104 14319700    0    0     0     0 1438 2566  0  0 100  0  0
 0  0      0 106212752  30104 14319700    0    0     0    16 1439 2650  0  0 100  0  0
 0  0      0 106212752  30104 14319700    0    0     0     0 1482 2663  0  0 100  0  0
 0  0      0 106212752  30104 14319700    0    0     0     0 1492 2537  0  0 100  0  0
 0  0      0 106212752  30104 14319700    0    0     0    52 1412 2547  0  0 100  0  0
 0  0      0 106212224  30104 14319700    0    0     0     0 1449 2584  0  0 100  0  0
 0  0      0 106212728  30104 14319700    0    0     0    40 1494 2733  0  0 100  0  0
 0  0      0 106212624  30104 14320012    0    0     0   116 1411 2559  0  0 100  0  0
 0  0      0 106212632  30104 14320036    0    0     0     0 1449 2561  0  0 100  0  0
 0  0      0 106212632  30104 14320036    0    0     0    16 1405 2539  0  0 100  0  0
 0  0      0 106212640  30104 14320048    0    0     0     0 1516 2707  0  0 100  0  0
 0  0      0 106212640  30104 14320048    0    0     0    12 1458 2650  0  0 100  0  0
 0  0      0 106212880  30104 14320076    0    0     0     0 1380 2474  0  0 100  0  0
 0  0      0 106212880  30104 14320076    0    0     0     0 1473 2552  0  0 100  0  0
 0  0      0 106212880  30104 14320096    0    0     0     0 1503 2679  0  0 100  0  0
 1  0      0 106213008  30104 14320100    0    0     0    16 1434 2561  0  0 100  0  0
 0  0      0 106213008  30104 14320100    0    0     0    12 1450 2612  0  0 100  0  0
 0  0      0 106213008  30104 14320104    0    0     0     0 1396 2516  0  0 100  0  0
 0  0      0 106213008  30104 14320104    0    0     0     0 1526 2660  0  0 100  0  0
 0  0      0 106213008  30104 14320108    0    0     0    16 1453 2559  0  0 100  0  0
 0  0      0 106213072  30104 14320156    0    0     0     0 1403 2534  0  0 100  0  0
procs -----------memory---------- ---swap-- -----io---- -system-- ------cpu-----
 r  b   swpd   free   buff  cache   si   so    bi    bo   in   cs us sy id wa st
 0  0      0 106213072  30104 14320160    0    0     0    12 1464 2671  0  0 100  0  0
 0  0      0 106212880  30104 14320188    0    0     0     0 1475 2683  0  0 100  0  0
 0  0      0 106212880  30104 14320188    0    0     0     0 1469 2507  0  0 100  0  0
 0  0      0 106167232  30132 14365708    0    0     0    44 28733 23478  0  0 99  0  0
 0  0      0 106161616  30132 14372056    0    0     0     0 1511 2653  0  0 100  0  0
