0 0.01 0.00 0.01 0.00 0.00 0.00 0.00 0.00 0 0.00
1 0.69 0.00 0.33 0.00 0.00 0.20 0.00 0.00 0 0.00
2 2.53 0.00 0.43 0.00 0.00 0.13 0.00 0.00 0 0.00
3 1.20 0.00 0.28 0.00 0.00 0.13 0.00 0.00 0 0.00
4 0.25 0.00 0.07 0.00 0.00 0.03 0.00 0.00 0 0.00
5 0.64 0.00 0.18 0.00 0.00 0.09 0.00 0.00 0 0.00
6 0.21 0.00 0.09 0.00 0.00 0.04 0.00 0.00 0 0.00
7 0.86 0.00 0.23 0.00 0.00 0.13 0.00 0.00 0 0.00
8 0.90 0.00 0.20 0.00 0.00 0.10 0.00 0.00 0 0.00
9 0.21 0.00 0.11 0.00 0.00 0.05 0.00 0.00 0 0.00
10 0.68 0.00 0.21 0.00 0.00 0.13 0.00 0.00 0 0.00
11 0.08 0.00 0.04 0.00 0.00 0.02 0.00 0.00 0 0.00
12 0.62 0.00 0.29 0.00 0.00 0.18 0.00 0.00 0 0.00
13 1.66 0.00 0.28 0.00 0.00 0.11 0.00 0.00 0 0.00
14 1.22 0.00 0.11 0.00 0.00 0.03 0.00 0.00 0 0.00
15 1.70 0.00 0.25 0.00 0.00 0.16 0.00 0.00 0 0.00
16 2.44 0.00 0.22 0.00 0.00 0.14 0.00 0.00 0 0.00
17 1.82 0.00 0.11 0.00 0.00 0.04 0.00 0.00 0 0.00
18 0.42 0.00 0.16 0.00 0.00 0.02 0.00 0.00 0 0.00
