procs -----------memory---------- ---swap-- -----io---- -system-- ------cpu-----
 r  b   swpd   free   buff  cache   si   so    bi    bo   in   cs us sy id wa st
 2  0      0 319306816 291412 178061168    0    0     0    15    0    0  0  0 100  0  0
 0  0      0 319304256 291412 178061168    0    0     0    16 1534 2507  0  0 100  0  0
 0  0      0 319304736 291412 178061168    0    0     0     0 1332 2399  0  0 100  0  0
 1  0      0 319304736 291412 178061184    0    0     0    12 1391 2435  0  0 100  0  0
 0  0      0 319304448 291412 178061184    0    0     0     0 1411 2472  0  0 100  0  0
 0  0      0 319303424 291412 178061232    0    0     0    16 1434 2584  0  0 100  0  0
 1  0      0 319303616 291412 178061232    0    0     0    12 1389 2537  0  0 100  0  0
 0  0      0 319303264 291412 178061328    0    0     0     0 1431 2490  0  0 100  0  0
 1  0      0 319303648 291412 178061328    0    0     0    12 1417 2539  0  0 100  0  0
 1  0      0 319303840 291412 178061360    0    0     0     0 1286 2318  0  0 100  0  0
 1  0      0 319303840 291412 178061360    0    0     0     0 1378 2433  0  0 100  0  0
 1  0      0 319303840 291412 178061376    0    0     0    12 1479 2652  0  0 100  0  0
 0  0      0 319303808 291412 178061376    0    0     0    16 1434 2493  0  0 100  0  0
 0  0      0 319303712 291412 178061408    0    0     0    28 1328 2354  0  0 100  0  0
 0  0      0 319303712 291412 178061408    0    0     0     0 1300 2363  0  0 100  0  0
 1  0      0 319303744 291412 178061408    0    0     0     0 1436 2556  0  0 100  0  0
 0  0      0 319303744 291412 178061408    0    0     0    12 1455 2686  0  0 100  0  0
 0  0      0 319303744 291412 178061408    0    0     0     0 1344 2401  0  0 100  0  0
 0  0      0 319303744 291412 178061408    0    0     0    24 1316 2353  0  0 100  0  0
 0  0      0 319303712 291412 178061472    0    0     0     0 1356 2394  0  0 100  0  0
 0  0      0 319303712 291412 178061472    0    0     0     0 1501 2635  0  0 100  0  0
procs -----------memory---------- ---swap-- -----io---- -system-- ------cpu-----
 r  b   swpd   free   buff  cache   si   so    bi    bo   in   cs us sy id wa st
 0  0      0 319303744 291412 178061488    0    0     0    12 1448 2569  0  0 100  0  0
 0  0      0 319303744 291412 178061488    0    0     0     0 1339 2379  0  0 100  0  0
 0  0      0 319303744 291412 178061488    0    0     0     8 1406 2452  0  0 100  0  0
 0  0      0 319303840 291412 178061520    0    0     0     0 1404 2477  0  0 100  0  0
 0  0      0 319303936 291412 178061520    0    0     0     0 1341 2418  0  0 100  0  0
 0  0      0 319303840 291412 178061536    0    0     0    28 1427 2628  0  0 100  0  0
 0  0      0 319303840 291412 178061536    0    0     0     0 2467 3042  0  0 100  0  0
 0  0      0 319303840 291412 178061536    0    0     0     0 1897 2726  0  0 100  0  0
 0  0      0 319303840 291412 178061536    0    0     0     0 1324 2344  0  0 100  0  0
 0  0      0 319303776 291412 178061600    0    0     0   240 1411 2506  0  0 100  0  0
 0  0      0 319303776 291412 178061584    0    0     0    12 1412 2563  0  0 100  0  0
 0  0      0 319303776 291412 178061600    0    0     0     0 1451 2541  0  0 100  0  0
 0  0      0 319303936 291412 178061616    0    0     0   408 1364 2379  0  0 100  0  0
 0  0      0 319303936 291412 178061632    0    0     0     0 1291 2331  0  0 100  0  0
 0  0      0 319303840 291412 178061648    0    0     0     0 1406 2533  0  0 100  0  0
 0  0      0 319303840 291412 178061648    0    0     0    20 1503 2685  0  0 100  0  0
 0  0      0 319303840 291412 178061648    0    0     0     0 1280 2352  0  0 100  0  0
 0  0      0 319303712 291412 178061680    0    0     0    16 1370 2420  0  0 100  0  0
 0  0      0 319303840 291412 178061680    0    0     0     0 1344 2364  0  0 100  0  0
 1  0      0 319303840 291412 178061696    0    0     0     0 1441 2562  0  0 100  0  0
 1  0      0 319303840 291412 178061696    0    0     0    12 1461 2562  0  0 100  0  0
procs -----------memory---------- ---swap-- -----io---- -system-- ------cpu-----
 r  b   swpd   free   buff  cache   si   so    bi    bo   in   cs us sy id wa st
 0  0      0 319303840 291412 178061696    0    0     0     0 1317 2379  0  0 100  0  0
 0  0      0 319303840 291412 178061744    0    0     0    24 1372 2428  0  0 100  0  0
 0  0      0 319303712 291412 178061760    0    0     0     0 1460 2530  0  0 100  0  0
 0  0      0 319303776 291412 178061760    0    0     0     0 1356 2430  0  0 100  0  0
 0  0      0 319303904 291412 178061792    0    0     0    16 1373 2544  0  0 100  0  0
 1  0      0 319303904 291412 178061792    0    0     0    44 1402 2463  0  0 100  0  0
 0  0      0 319303904 291412 178061808    0    0     0    24 1433 2516  0  0 100  0  0
 0  0      0 319303904 291412 178061808    0    0     0     0 1270 2290  0  0 100  0  0
 0  0      0 319303776 291412 178061824    0    0     0     0 1467 2505  0  0 100  0  0
 0  0      0 319303776 291412 178061824    0    0     0    12 1408 2582  0  0 100  0  0
 0  0      0 319303776 291412 178061824    0    0     0     0 1394 2485  0  0 100  0  0
 0  0      0 319303776 291412 178061824    0    0     0     8 1392 2391  0  0 100  0  0
 0  0      0 319303904 291412 178061872    0    0     0     0 1334 2365  0  0 100  0  0
 0  0      0 319303904 291412 178061888    0    0     0     0 1471 2465  0  0 100  0  0
 0  0      0 319303904 291412 178061888    0    0     0    12 1631 2720  0  0 100  0  0
 0  0      0 319303904 291412 178061904    0    0     0     0 1311 2338  0  0 100  0  0
 0  0      0 319303648 291412 178061936    0    0     0     0 1336 2365  0  0 100  0  0
 0  0      0 319303520 291412 178061936    0    0     0     0 1352 2424  0  0 100  0  0
 0  0      0 319303872 291412 178061952    0    0     0   200 1534 2649  0  0 100  0  0
 0  0      0 319303872 291412 178061952    0    0     0    12 1377 2512  0  0 100  0  0
 0  0      0 319303872 291412 178061968    0    0     0     0 1333 2387  0  0 100  0  0
procs -----------memory---------- ---swap-- -----io---- -system-- ------cpu-----
 r  b   swpd   free   buff  cache   si   so    bi    bo   in   cs us sy id wa st
 0  0      0 319303872 291412 178061968    0    0     0    12 1386 2464  0  0 100  0  0
 0  0      0 319303872 291412 178061968    0    0     0     0 1402 2469  0  0 100  0  0
 0  0      0 319303872 291412 178062000    0    0     0     0 1429 2510  0  0 100  0  0
 0  0      0 319304000 291412 178062016    0    0     0    12 1384 2553  0  0 100  0  0
 0  0      0 319304032 291412 178062016    0    0     0     0 1341 2427  0  0 100  0  0
 0  0      0 319303904 291412 178062016    0    0     0   412 1452 2557  0  0 100  0  0
 0  0      0 319303904 291412 178062016    0    0     0     0 1282 2316  0  0 100  0  0
 0  0      0 319304032 291412 178062048    0    0     0     0 1404 2492  0  0 100  0  0
 0  0      0 319304032 291412 178062080    0    0     0    16 1453 2658  0  0 100  0  0
 0  0      0 319304032 291412 178062080    0    0     0     0 1380 2474  0  0 100  0  0
 0  0      0 319304032 291412 178062080    0    0     0    40 1358 2377  0  0 100  0  0
 0  0      0 319304032 291412 178062080    0    0     0     0 1327 2358  0  0 100  0  0
 0  0      0 319304096 291412 178062112    0    0     0     0 1410 2540  0  0 100  0  0
 0  0      0 319304192 291412 178062128    0    0     0    16 1461 2686  0  0 100  0  0
 0  0      0 319304320 291412 178062128    0    0     0    20 1340 2387  0  0 100  0  0
 0  0      0 319304320 291412 178062128    0    0     0    64 1330 2373  0  0 100  0  0
 0  0      0 319304320 291412 178062128    0    0     0     0 1300 2369  0  0 100  0  0
 0  0      0 319304320 291412 178062128    0    0     0     0 1521 2618  0  0 100  0  0
 0  0      0 319304320 291412 178062128    0    0     0    12 1381 2530  0  0 100  0  0
 0  0      0 319304320 291412 178062128    0    0     0     0 1325 2366  0  0 100  0  0
 0  0      0 319304320 291412 178062128    0    0     0     8 1431 2478  0  0 100  0  0
procs -----------memory---------- ---swap-- -----io---- -system-- ------cpu-----
 r  b   swpd   free   buff  cache   si   so    bi    bo   in   cs us sy id wa st
 0  0      0 319304320 291412 178062128    0    0     0     0 1378 2442  0  0 100  0  0
 0  0      0 319304320 291412 178062240    0    0     0     0 1376 2487  0  0 100  0  0
 0  0      0 319304320 291412 178062256    0    0     0    28 1437 2611  0  0 100  0  0
 0  0      0 319304320 291412 178062256    0    0     0     0 1310 2414  0  0 100  0  0
 0  0      0 319304320 291412 178062272    0    0     0     0 1399 2495  0  0 100  0  0
 0  0      0 319304192 291412 178062288    0    0     0     0 1326 2362  0  0 100  0  0
 0  0      0 319304192 291412 178062288    0    0     0   140 1400 2474  0  0 100  0  0
 0  0      0 319304192 291412 178062288    0    0     0    12 1430 2618  0  0 100  0  0
 0  0      0 319304096 291412 178062304    0    0     0     0 1457 2544  0  0 100  0  0
 0  0      0 319304096 291412 178062336    0    0     0    12 1346 2394  0  0 100  0  0
 0  0      0 319304096 291412 178062336    0    0     0     0 1299 2320  0  0 100  0  0
 0  0      0 319304096 291412 178062336    0    0     0     0 1461 2582  0  0 100  0  0
 0  0      0 319304320 291412 178062352    0    0     0    12 1457 2694  0  0 100  0  0
 0  0      0 319304320 291412 178062384    0    0     0     0 1347 2408  0  0 100  0  0
 0  0      0 319304320 291412 178062384    0    0     0     0 1356 2402  0  0 100  0  0
 0  0      0 319304320 291412 178062384    0    0     0     0 1304 2376  0  0 100  0  0
 0  0      0 319304320 291412 178062384    0    0     0     0 1467 2564  0  0 100  0  0
 0  0      0 319304320 291412 178062384    0    0     0    12 1412 2572  0  0 100  0  0
 0  0      0 319304320 291412 178062384    0    0     0     0 1322 2366  0  0 100  0  0
 0  0      0 319304096 291412 178062432    0    0     0   412 1409 2495  0  0 100  0  0
 0  0      0 319304096 291412 178062464    0    0     0     0 1426 2495  0  0 100  0  0
procs -----------memory---------- ---swap-- -----io---- -system-- ------cpu-----
 r  b   swpd   free   buff  cache   si   so    bi    bo   in   cs us sy id wa st
 0  0      0 319304096 291412 178062464    0    0     0     0 1398 2456  0  0 100  0  0
 0  0      0 319303968 291412 178062464    0    0     0    16 1396 2589  0  0 100  0  0
 0  0      0 319303968 291412 178062496    0    0     0     0 1370 2450  0  0 100  0  0
 0  0      0 319303968 291412 178062496    0    0     0    88 1414 2516  0  0 100  0  0
 0  0      0 319304192 291412 178062512    0    0     0     0 1301 2356  0  0 100  0  0
 0  0      0 319304192 291412 178062528    0    0     0     0 1399 2507  0  0 100  0  0
 0  0      0 319304320 291412 178062528    0    0     0    16 1435 2611  0  0 100  0  0
 0  0      0 319304320 291412 178062528    0    0     0     0 1425 2487  0  0 100  0  0
 1  0      0 319304320 291412 178062544    0    0     0     8 1360 2415  0  0 100  0  0
 0  0      0 319304064 291412 178062576    0    0     0     0 1299 2345  0  0 100  0  0
 0  0      0 319304064 291412 178062592    0    0     0     0 1392 2516  0  0 100  0  0
 0  0      0 319304064 291412 178062592    0    0     0    12 1540 2704  0  0 100  0  0
 0  0      0 319304192 291412 178062608    0    0     0     0 1322 2350  0  0 100  0  0
 0  0      0 319304192 291412 178062608    0    0     0     0 1322 2371  0  0 100  0  0
 0  0      0 319304192 291412 178062624    0    0     0     0 1353 2417  0  0 100  0  0
 0  0      0 319304192 291412 178062624    0    0     0   100 1502 2600  0  0 100  0  0
 0  0      0 319304192 291412 178062656    0    0     0    12 1378 2514  0  0 100  0  0
 0  0      0 319303968 291412 178062656    0    0     0     0 1358 2418  0  0 100  0  0
 0  0      0 319303968 291412 178062656    0    0     0    12 1361 2441  0  0 100  0  0
 0  0      0 319303968 291412 178062656    0    0     0     0 1377 2440  0  0 100  0  0
 0  0      0 319304000 291412 178062656    0    0     0     0 1404 2468  0  0 100  0  0
procs -----------memory---------- ---swap-- -----io---- -system-- ------cpu-----
 r  b   swpd   free   buff  cache   si   so    bi    bo   in   cs us sy id wa st
 0  0      0 319304000 291412 178062656    0    0     0    12 1457 2571  0  0 100  0  0
 0  0      0 319304192 291412 178062720    0    0     0     0 1346 2441  0  0 100  0  0
 0  0      0 319303968 291412 178062736    0    0     0     0 1418 2522  0  0 100  0  0
 0  0      0 319303968 291412 178062736    0    0     0     0 1269 2301  0  0 100  0  0
 0  0      0 319303968 291412 178062752    0    0     0     0 1354 2454  0  0 100  0  0
 0  0      0 319303968 291412 178062784    0    0     0    12 1448 2666  0  0 100  0  0
 0  0      0 319303968 291412 178062784    0    0     0     0 1412 2474  0  0 100  0  0
 0  0      0 319303968 291412 178062784    0    0     0     0 1382 2396  0  0 100  0  0
 0  0      0 319303968 291412 178062784    0    0     0     0 1350 2384  0  0 100  0  0
 0  0      0 319303968 291412 178062784    0    0     0     0 1449 2540  0  0 100  0  0
 0  0      0 319304224 291412 178062816    0    0     0    12 1485 2694  0  0 100  0  0
 0  0      0 319304096 291412 178062848    0    0     0     0 1330 2362  0  0 100  0  0
 0  0      0 319304288 291412 178062848    0    0     0   472 1342 2407  0  0 100  0  0
 0  0      0 319304288 291412 178062848    0    0     0     0 1317 2377  0  0 100  0  0
 0  0      0 319304384 291412 178062848    0    0     0     0 1476 2569  0  0 100  0  0
 0  0      0 319304288 291412 178062880    0    0     0    16 1406 2550  0  0 100  0  0
 0  0      0 319304288 291412 178062896    0    0     0     0 1310 2356  0  0 100  0  0
 0  0      0 319304288 291412 178062912    0    0     0     8 1417 2480  0  0 100  0  0
 0  0      0 319304288 291412 178062912    0    0     0     0 1430 2462  0  0 100  0  0
 0  0      0 319304288 291412 178062912    0    0     0     0 1378 2428  0  0 100  0  0
 0  0      0 319304160 291412 178062928    0    0     0    28 1400 2596  0  0 100  0  0
procs -----------memory---------- ---swap-- -----io---- -system-- ------cpu-----
 r  b   swpd   free   buff  cache   si   so    bi    bo   in   cs us sy id wa st
 0  0      0 319304160 291412 178062960    0    0     0     0 1310 2398  0  0 100  0  0
 0  0      0 319304160 291412 178062960    0    0     0     0 1376 2463  0  0 100  0  0
 0  0      0 319304288 291412 178062976    0    0     0     0 1299 2345  0  0 100  0  0
 0  0      0 319304288 291412 178062992    0    0     0   116 1412 2476  0  0 100  0  0
 0  0      0 319304288 291412 178062992    0    0     0    12 1435 2609  0  0 100  0  0
 0  0      0 319304288 291412 178062992    0    0     0     0 1439 2520  0  0 100  0  0
 0  0      0 319304288 291412 178062992    0    0     0    12 1348 2364  0  0 100  0  0
 0  0      0 319304288 291412 178062992    0    0     0     0 1292 2336  0  0 100  0  0
 0  0      0 319304288 291412 178062992    0    0     0     0 1429 2538  0  0 100  0  0
 0  0      0 319304288 291412 178062992    0    0     0    12 1492 2658  0  0 100  0  0
 1  0      0 319304096 291412 178063072    0    0     0     0 1331 2418  0  0 100  0  0
 0  0      0 319304096 291412 178063072    0    0     0     0 1333 2393  0  0 100  0  0
 0  0      0 319304224 291412 178063072    0    0     0     0 1323 2376  0  0 100  0  0
 0  0      0 319304224 291412 178063072    0    0     0     0 1450 2554  0  0 100  0  0
 0  0      0 319304224 291412 178063072    0    0     0    12 1390 2534  0  0 100  0  0
 0  0      0 319304224 291412 178063072    0    0     0     0 1340 2404  0  0 100  0  0
 0  0      0 319304096 291412 178063136    0    0     0     0 1395 2470  0  0 100  0  0
 0  0      0 319304096 291412 178063152    0    0     0     0 1451 2488  0  0 100  0  0
 1  0      0 319304128 291412 178063152    0    0     0     0 1378 2444  0  0 100  0  0
 0  0      0 319304096 291412 178063168    0    0     0    12 1406 2543  0  0 100  0  0
 0  0      0 319303968 291412 178063184    0    0     0    36 1370 2480  0  0 100  0  0
procs -----------memory---------- ---swap-- -----io---- -system-- ------cpu-----
 r  b   swpd   free   buff  cache   si   so    bi    bo   in   cs us sy id wa st
 2  0      0 319304096 291412 178063184    0    0     0    48 1434 2475  0  0 100  0  0
 0  0      0 319304096 291412 178063184    0    0     0     0 1278 2324  0  0 100  0  0
 0  0      0 319304096 291412 178063184    0    0     0     0 1438 2485  0  0 100  0  0
 0  0      0 319304096 291412 178063184    0    0     0    12 1423 2606  0  0 100  0  0
 0  0      0 319304096 291412 178063232    0    0     0     0 1413 2521  0  0 100  0  0
 0  0      0 319304224 291412 178063264    0    0     0   432 1346 2396  0  0 100  0  0
 0  0      0 319304224 291412 178063264    0    0     0     0 1326 2342  0  0 100  0  0
 0  0      0 319304224 291412 178063264    0    0     0     0 1419 2511  0  0 100  0  0
 0  0      0 319304224 291412 178063264    0    0     0    16 1502 2668  0  0 100  0  0
 0  0      0 319304224 291412 178063264    0    0     0     0 1310 2332  0  0 100  0  0
 0  0      0 319303968 291412 178063296    0    0     0     0 1324 2389  0  0 100  0  0
 0  0      0 319303840 291412 178063328    0    0     0     0 1383 2444  0  0 100  0  0
 0  0      0 319304096 291412 178063328    0    0     0   140 1538 2615  0  0 100  0  0
 0  0      0 319304096 291412 178063328    0    0     0    12 1379 2525  0  0 100  0  0
 0  0      0 319304096 291412 178063360    0    0     0     0 1348 2387  0  0 100  0  0
 0  0      0 319303968 291412 178063376    0    0     0    12 1420 2484  0  0 100  0  0
 2  0      0 319269984 291412 178103232    0    0     0     0 23041 18087  0  0 99  0  0
 0  0      0 319261856 291412 178110752    0    0     0     0 3392 4553  0  0 100  0  0
 0  0      0 319261856 291412 178110752    0    0     0    12 1364 2528  0  0 100  0  0
