procs -----------memory---------- ---swap-- -----io---- -system-- ------cpu-----
 r  b   swpd   free   buff  cache   si   so    bi    bo   in   cs us sy id wa st
 3  0      0 102560520 124788 18959364    0    0     1     8    0    1  0  0 100  0  0
 1  0      0 102557480 124788 18959428    0    0     0     0 1503 2512  0  0 100  0  0
 0  0      0 102557488 124788 18959436    0    0     0     0 1378 2402  0  0 100  0  0
 0  0      0 102557496 124788 18959436    0    0     0   384 1342 2470  0  0 100  0  0
 0  0      0 102557496 124788 18959436    0    0     0    16 1497 2588  0  0 100  0  0
 0  0      0 102557496 124788 18959436    0    0     0     8 1450 2662  0  0 100  0  0
 0  0      0 102557496 124788 18959436    0    0     0     0 2025 2738  0  0 100  0  0
 1  0      0 102557496 124788 18959436    0    0     0     0 2620 3102  0  0 100  0  0
 1  0      0 102557496 124788 18959436    0    0     0    24 2904 3216  0  0 100  0  0
 1  0      0 102557496 124788 18959436    0    0     0    12 2509 3143  0  0 100  0  0
 1  0      0 102557480 124788 18959528    0    0     0   312 2755 3202  0  0 100  0  0
 2  0      0 102557448 124788 18959528    0    0     0     0 2943 3218  0  0 100  0  0
 1  0      0 102558048 124788 18959548    0    0     0     0 1595 2549  0  0 100  0  0
 0  0      0 102558192 124788 18959548    0    0     0     0 2482 3110  0  0 100  0  0
 0  0      0 102558192 124788 18959548    0    0     0    12 3091 3445  0  0 100  0  0
 1  0      0 102558176 124788 18959548    0    0     0     0 1649 2658  0  0 100  0  0
 0  0      0 102558176 124788 18959548    0    0     0     0 3288 3396  0  0 100  0  0
 0  0      0 102558176 124788 18959548    0    0     0     0 3252 3461  0  0 100  0  0
 0  0      0 102558176 124788 18959548    0    0     0    24 2169 2916  0  0 100  0  0
 0  0      0 102558176 124788 18959548    0    0     0    12 1313 2492  0  0 100  0  0
 0  0      0 102558176 124788 18959548    0    0     0     0 1571 2610  0  0 100  0  0
procs -----------memory---------- ---swap-- -----io---- -system-- ------cpu-----
 r  b   swpd   free   buff  cache   si   so    bi    bo   in   cs us sy id wa st
 0  0      0 102558176 124788 18959548    0    0     0     0 1830 2682  0  0 100  0  0
 0  0      0 102558176 124788 18959548    0    0     0     0 3616 3469  0  0 100  0  0
 0  0      0 102558176 124788 18959548    0    0     0    12 3286 3420  0  0 100  0  0
 0  0      0 102558176 124788 18959548    0    0     0    12 1498 2601  0  0 100  0  0
 0  0      0 102558176 124788 18959548    0    0     0     0 2270 3015  0  0 100  0  0
 0  0      0 102558176 124788 18959548    0    0     0     0 3325 3298  0  0 100  0  0
 0  0      0 102558176 124788 18959548    0    0     0     0 1964 2686  0  0 100  0  0
 0  0      0 102558176 124788 18959548    0    0     0     0 1502 2575  0  0 100  0  0
 0  0      0 102558176 124788 18959548    0    0     0    12 1412 2612  0  0 100  0  0
 0  0      0 102558176 124788 18959548    0    0     0     0 1470 2516  0  0 100  0  0
 0  0      0 102558176 124788 18959548    0    0     0     0 1278 2335  0  0 100  0  0
 0  0      0 102557648 124788 18959776    0    0     0     0 1458 2499  0  0 100  0  0
 0  0      0 102557648 124788 18959780    0    0     0   408 1593 2611  0  0 100  0  0
 0  0      0 102557648 124788 18959796    0    0     0    16 1460 2558  0  0 100  0  0
 0  0      0 102557648 124788 18959796    0    0     0     0 1277 2470  0  0 100  0  0
 0  0      0 102557648 124788 18959796    0    0     0     0 1502 2439  0  0 100  0  0
 0  0      0 102557712 124788 18959796    0    0     0     0 1308 2501  0  0 100  0  0
 1  0      0 102557712 124788 18959796    0    0     0    24 1478 2507  0  0 100  0  0
 1  0      0 102557712 124788 18959796    0    0     0    12 1340 2526  0  0 100  0  0
 1  0      0 102557776 124788 18959872    0    0     0   168 1471 2634  0  0 100  0  0
 0  0      0 102557776 124788 18959896    0    0     0     0 1395 2471  0  0 100  0  0
procs -----------memory---------- ---swap-- -----io---- -system-- ------cpu-----
 r  b   swpd   free   buff  cache   si   so    bi    bo   in   cs us sy id wa st
 0  0      0 102557912 124788 18959896    0    0     0     0 1450 2422  0  0 100  0  0
 0  0      0 102557976 124788 18959896    0    0     0     0 1289 2464  0  0 100  0  0
 0  0      0 102557976 124788 18959896    0    0     0    12 1493 2593  0  0 100  0  0
 0  0      0 102557976 124788 18959896    0    0     0     0 1430 2642  0  0 100  0  0
 0  0      0 102557976 124788 18959896    0    0     0     0 1443 2384  0  0 100  0  0
 0  0      0 102557976 124800 18959884    0    0     0    40 1287 2370  0  0 100  0  0
 1  0      0 102557976 124800 18959884    0    0     0    24 1462 2533  0  0 100  0  0
 2  0      0 102557976 124800 18959884    0    0     0    12 1363 2602  0  0 100  0  0
 1  0      0 102557976 124800 18959884    0    0     0     0 1482 2509  0  0 100  0  0
 0  0      0 102557976 124800 18959884    0    0     0     0 1291 2349  0  0 100  0  0
 0  0      0 102557976 124800 18959884    0    0     0     0 1447 2474  0  0 100  0  0
 0  0      0 102557976 124800 18959884    0    0     0    12 1417 2606  0  0 100  0  0
 0  0      0 102557976 124800 18959884    0    0     0    12 1517 2568  0  0 100  0  0
 0  0      0 102557976 124800 18959884    0    0     0     0 1317 2490  0  0 100  0  0
 0  0      0 102557976 124800 18959884    0    0     0     0 1487 2459  0  0 100  0  0
 0  0      0 102557976 124800 18959884    0    0     0     0 1369 2520  0  0 100  0  0
 0  0      0 102557976 124800 18959884    0    0     0    16 1463 2535  0  0 100  0  0
 2  0      0 102557976 124800 18959884    0    0     0    12 1280 2509  0  0 100  0  0
 0  0      0 102557976 124800 18959884    0    0     0     0 1512 2621  0  0 100  0  0
 0  0      0 102557976 124800 18959884    0    0     0     0 1355 2492  0  0 100  0  0
 0  0      0 102557976 124800 18959884    0    0     0     0 1393 2377  0  0 100  0  0
procs -----------memory---------- ---swap-- -----io---- -system-- ------cpu-----
 r  b   swpd   free   buff  cache   si   so    bi    bo   in   cs us sy id wa st
 0  0      0 102557976 124800 18959884    0    0     0    20 1310 2494  0  0 100  0  0
 0  0      0 102557976 124800 18959884    0    0     0    12 1489 2603  0  0 100  0  0
 0  0      0 102557976 124800 18959884    0    0     0     0 1394 2636  0  0 100  0  0
 0  0      0 102557976 124800 18959884    0    0     0     0 1522 2421  0  0 100  0  0
 0  0      0 102557448 124800 18959884    0    0     0     0 1281 2384  0  0 100  0  0
 1  0      0 102557448 124800 18959884    0    0     0   436 1493 2564  0  0 100  0  0
 0  0      0 102557448 124800 18959884    0    0     0    12 1390 2632  0  0 100  0  0
 0  0      0 102557792 124800 18960228    0    0     0   160 1473 2618  0  0 100  0  0
 1  0      0 102557912 124800 18960240    0    0     0     4 1330 2367  0  0 100  0  0
 0  0      0 102557880 124800 18960244    0    0     0     0 1430 2478  0  0 100  0  0
 0  0      0 102557912 124800 18960244    0    0     0     0 1439 2622  0  0 100  0  0
 0  0      0 102557912 124800 18960244    0    0     0    12 1458 2559  0  0 100  0  0
 0  0      0 102558032 124800 18960272    0    0     0     0 1377 2590  0  0 100  0  0
 0  0      0 102558032 124800 18960296    0    0     0     0 1511 2451  0  0 100  0  0
 0  0      0 102558032 124800 18960296    0    0     0    20 1349 2462  0  0 100  0  0
 0  0      0 102558160 124800 18960296    0    0     0    24 1474 2547  0  0 100  0  0
 0  0      0 102558160 124812 18960284    0    0     0    52 1277 2498  0  0 100  0  0
 0  0      0 102558160 124812 18960284    0    0     0     0 1521 2602  0  0 100  0  0
 0  0      0 102558160 124812 18960284    0    0     0     0 1417 2502  0  0 100  0  0
 0  0      0 102558160 124812 18960284    0    0     0     0 1411 2402  0  0 100  0  0
 0  0      0 102558160 124812 18960284    0    0     0    12 1357 2500  0  0 100  0  0
procs -----------memory---------- ---swap-- -----io---- -system-- ------cpu-----
 r  b   swpd   free   buff  cache   si   so    bi    bo   in   cs us sy id wa st
 0  0      0 102558160 124812 18960284    0    0     0    12 1484 2629  0  0 100  0  0
 0  0      0 102558160 124812 18960284    0    0     0     0 1420 2620  0  0 100  0  0
 0  0      0 102558280 124812 18960284    0    0     0     0 1484 2392  0  0 100  0  0
 0  0      0 102558280 124812 18960284    0    0     0     0 1272 2366  0  0 100  0  0
 0  0      0 102558280 124812 18960284    0    0     0     0 1517 2586  0  0 100  0  0
 0  0      0 102558280 124812 18960284    0    0     0    12 1408 2634  0  0 100  0  0
 0  0      0 102558280 124812 18960284    0    0     0     0 1493 2578  0  0 100  0  0
 0  0      0 102558280 124812 18960284    0    0     0     0 1268 2345  0  0 100  0  0
 0  0      0 102558280 124812 18960284    0    0     0     0 1476 2496  0  0 100  0  0
 0  0      0 102558280 124812 18960284    0    0     0    20 1416 2598  0  0 100  0  0
 0  0      0 102558280 124812 18960284    0    0     0    12 1436 2527  0  0 100  0  0
 0  0      0 102558280 124812 18960284    0    0     0     0 1307 2485  0  0 100  0  0
 0  0      0 102558280 124812 18960284    0    0     0     0 1491 2454  0  0 100  0  0
 0  0      0 102558280 124812 18960284    0    0     0     0 1352 2507  0  0 100  0  0
 0  0      0 102558280 124812 18960284    0    0     0    24 1463 2529  0  0 100  0  0
 0  0      0 102558280 124812 18960284    0    0     0    12 1298 2505  0  0 100  0  0
 0  0      0 102558280 124812 18960284    0    0     0     0 1500 2574  0  0 100  0  0
 0  0      0 102557920 124812 18960592    0    0     0   144 1415 2543  0  0 100  0  0
 0  0      0 102558168 124812 18960592    0    0     0     0 1405 2426  0  0 100  0  0
 0  0      0 102558320 124812 18960592    0    0     0   412 1333 2502  0  0 100  0  0
 0  0      0 102558320 124812 18960592    0    0     0    12 1485 2592  0  0 100  0  0
procs -----------memory---------- ---swap-- -----io---- -system-- ------cpu-----
 r  b   swpd   free   buff  cache   si   so    bi    bo   in   cs us sy id wa st
 0  0      0 102558384 124812 18960592    0    0     0     0 1475 2700  0  0 100  0  0
 0  0      0 102558384 124812 18960592    0    0     0     0 1475 2378  0  0 100  0  0
 0  0      0 102558384 124812 18960592    0    0     0     0 1236 2356  0  0 100  0  0
 1  0      0 102558384 124812 18960592    0    0     0    24 1479 2576  0  0 100  0  0
 0  0      0 102558384 124812 18960592    0    0     0    40 1394 2591  0  0 100  0  0
 0  0      0 102558384 124812 18960592    0    0     0     0 1457 2496  0  0 100  0  0
 0  0      0 102558384 124812 18960592    0    0     0     0 1318 2369  0  0 100  0  0
 0  0      0 102558384 124812 18960592    0    0     0     0 1438 2474  0  0 100  0  0
 0  0      0 102558384 124812 18960592    0    0     0    12 1361 2544  0  0 100  0  0
 0  0      0 102558384 124812 18960592    0    0     0    12 1467 2524  0  0 100  0  0
 0  0      0 102558384 124812 18960592    0    0     0     0 1341 2481  0  0 100  0  0
 0  0      0 102558384 124812 18960592    0    0     0     0 1491 2445  0  0 100  0  0
 0  0      0 102558384 124812 18960592    0    0     0     0 1384 2516  0  0 100  0  0
 0  0      0 102558384 124812 18960592    0    0     0    16 1470 2558  0  0 100  0  0
 0  0      0 102558384 124812 18960592    0    0     0    12 1290 2496  0  0 100  0  0
 0  0      0 102557424 124812 18961156    0    0     0     0 1575 2722  0  0 100  0  0
 0  0      0 102557392 124812 18961156    0    0     0     0 1366 2479  0  0 100  0  0
 0  0      0 102557264 124812 18961160    0    0     0     0 1399 2370  0  0 100  0  0
 0  0      0 102557264 124812 18961160    0    0     0    20 1297 2453  0  0 100  0  0
 0  0      0 102557264 124812 18961160    0    0     0    16 1470 2564  0  0 100  0  0
 0  0      0 102557568 124820 18961064    0    0     0    16 1384 2603  0  0 100  0  0
procs -----------memory---------- ---swap-- -----io---- -system-- ------cpu-----
 r  b   swpd   free   buff  cache   si   so    bi    bo   in   cs us sy id wa st
 0  0      0 102557568 124820 18961064    0    0     0     0 1539 2416  0  0 100  0  0
 0  0      0 102557568 124820 18961064    0    0     0     0 1282 2348  0  0 100  0  0
 0  0      0 102557568 124820 18961064    0    0     0    24 1487 2536  0  0 100  0  0
 0  0      0 102557568 124820 18961064    0    0     0    12 1386 2600  0  0 100  0  0
 0  0      0 102557568 124820 18961064    0    0     0     0 1457 2471  0  0 100  0  0
 0  0      0 102557696 124820 18961160    0    0     0   120 1272 2395  0  0 100  0  0
 0  0      0 102557920 124820 18961160    0    0     0     0 1514 2535  0  0 100  0  0
 0  0      0 102557928 124820 18961160    0    0     0     0 1396 2579  0  0 100  0  0
 1  0      0 102557928 124820 18961160    0    0     0    12 1475 2537  0  0 100  0  0
 0  0      0 102557928 124820 18961160    0    0     0     0 1414 2554  0  0 100  0  0
 0  0      0 102557928 124820 18961160    0    0     0     0 1485 2424  0  0 100  0  0
 0  0      0 102557928 124820 18961160    0    0     0     0 1337 2462  0  0 100  0  0
 0  0      0 102557928 124820 18961160    0    0     0   436 1489 2526  0  0 100  0  0
 0  0      0 102557928 124820 18961160    0    0     0    12 1277 2469  0  0 100  0  0
 0  0      0 102557928 124820 18961160    0    0     0     0 1473 2557  0  0 100  0  0
 0  0      0 102557928 124820 18961160    0    0     0     0 1395 2483  0  0 100  0  0
 0  0      0 102557928 124820 18961160    0    0     0     0 1427 2394  0  0 100  0  0
 0  0      0 102557928 124820 18961160    0    0     0    16 1317 2448  0  0 100  0  0
 0  0      0 102557928 124820 18961160    0    0     0    12 1527 2630  0  0 100  0  0
 0  0      0 102557928 124820 18961160    0    0     0     0 1413 2615  0  0 100  0  0
 0  0      0 102557928 124820 18961160    0    0     0     0 1440 2359  0  0 100  0  0
procs -----------memory---------- ---swap-- -----io---- -system-- ------cpu-----
 r  b   swpd   free   buff  cache   si   so    bi    bo   in   cs us sy id wa st
 0  0      0 102557928 124820 18961160    0    0     0     0 1267 2372  0  0 100  0  0
 0  0      0 102557928 124820 18961160    0    0     0     0 1475 2548  0  0 100  0  0
 0  0      0 102557928 124820 18961160    0    0     0    12 1395 2586  0  0 100  0  0
 0  0      0 102557928 124820 18961160    0    0     0     0 1466 2476  0  0 100  0  0
 0  0      0 102557928 124820 18961160    0    0     0     0 1303 2352  0  0 100  0  0
 0  0      0 102557928 124820 18961160    0    0     0     0 1439 2458  0  0 100  0  0
 0  0      0 102557928 124820 18961160    0    0     0    20 1408 2598  0  0 100  0  0
 0  0      0 102557928 124820 18961160    0    0     0    12 1437 2484  0  0 100  0  0
 0  0      0 102557928 124820 18961160    0    0     0     0 1298 2483  0  0 100  0  0
 1  0      0 102557928 124820 18961160    0    0     0     0 1524 2472  0  0 100  0  0
 0  0      0 102557928 124820 18961160    0    0     0     0 1354 2486  0  0 100  0  0
 0  0      0 102557928 124820 18961160    0    0     0    24 1481 2529  0  0 100  0  0
 0  0      0 102557928 124820 18961160    0    0     0    12 1292 2487  0  0 100  0  0
 0  0      0 102557400 124820 18961160    0    0     0     8 1485 2594  0  0 100  0  0
 0  0      0 102557728 124820 18961492    0    0     0   104 1366 2555  0  0 100  0  0
 0  0      0 102558096 124820 18961512    0    0     0     0 1459 2454  0  0 100  0  0
 0  0      0 102558096 124820 18961512    0    0     0     0 1311 2475  0  0 100  0  0
 0  0      0 102558096 124820 18961512    0    0     0    20 1509 2582  0  0 100  0  0
 0  0      0 102558096 124820 18961512    0    0     0     0 1438 2645  0  0 100  0  0
 0  0      0 102558160 124832 18961500    0    0     0    36 1468 2396  0  0 100  0  0
 0  0      0 102558160 124832 18961500    0    0     0     0 1257 2362  0  0 100  0  0
procs -----------memory---------- ---swap-- -----io---- -system-- ------cpu-----
 r  b   swpd   free   buff  cache   si   so    bi    bo   in   cs us sy id wa st
 0  0      0 102558160 124832 18961500    0    0     0    24 1493 2610  0  0 100  0  0
 0  0      0 102558160 124832 18961500    0    0     0    12 1353 2551  0  0 100  0  0
 0  0      0 102558160 124832 18961500    0    0     0     0 1454 2486  0  0 100  0  0
 0  0      0 102558160 124832 18961500    0    0     0     0 1302 2372  0  0 100  0  0
 0  0      0 102558160 124832 18961500    0    0     0     0 1425 2484  0  0 100  0  0
 0  0      0 102558160 124832 18961500    0    0     0   424 1365 2584  0  0 100  0  0
 0  0      0 102558160 124832 18961500    0    0     0    12 1462 2526  0  0 100  0  0
 0  0      0 102558160 124832 18961500    0    0     0     0 1322 2486  0  0 100  0  0
 0  0      0 102558160 124832 18961500    0    0     0     0 1495 2437  0  0 100  0  0
 0  0      0 102558192 124832 18961500    0    0     0     0 1384 2504  0  0 100  0  0
 0  0      0 102558192 124832 18961500    0    0     0    16 1421 2511  0  0 100  0  0
 0  0      0 102558192 124832 18961500    0    0     0    12 1334 2486  0  0 100  0  0
 0  0      0 102558192 124832 18961500    0    0     0     0 1523 2631  0  0 100  0  0
 0  0      0 102558192 124832 18961500    0    0     0     0 1337 2443  0  0 100  0  0
 3  0      0 102558192 124832 18961500    0    0     0     0 1376 2375  0  0 100  0  0
 0  0      0 102558192 124832 18961500    0    0     0    20 1347 2500  0  0 100  0  0
 0  0      0 102520528 124832 19000068    0    0     0    16 23445 16425  0  0 100  0  0
 0  0      0 102513248 124832 19009040    0    0     0     0 4310 4392  0  0 100  0  0
