procs -----------memory---------- ---swap-- -----io---- -system-- ------cpu-----
 r  b   swpd   free   buff  cache   si   so    bi    bo   in   cs us sy id wa st
 2  0      0 122522408   7128 851760    0    0     0     0    1    1  0  0 100  0  0
 0  0      0 122520976   7128 851816    0    0     0    28 1508 2451  0  0 100  0  0
 0  0      0 122520528   7128 851828    0    0     0     0 1432 2473  0  0 100  0  0
 0  0      0 122520688   7128 851828    0    0     0    28 1364 2539  0  0 100  0  0
 2  0      0 122515608   7128 851844    0    0     0    28 1825 2831  0  0 100  0  0
 1  0      0 122515112   7128 851876    0    0     0     0 1287 2344  0  0 100  0  0
 1  0      0 122515384   7128 851908    0    0     0     0 1405 2434  0  0 100  0  0
 1  0      0 122515384   7128 851908    0    0     0     0 1412 2630  0  0 100  0  0
59  0      0 120455664   7128 853292    0    0     0     0 58173 276145 30  4 66  0  0
23  0      0 120173304   7128 861996    0    0     0   124 69214 352980 33  5 62  0  0
 2  0      0 119906424   7128 861264    0    0     0    44 71688 332227 30  4 66  0  0
 0  0      0 119824032   7128 861892    0    0     0    40 66304 323704 29  4 68  0  0
11  0      0 120551296   7128 862212    0    0     0   120 76199 332736 28  5 67  0  0
28  0      0 121217264   7128 863952    0    0     0     0 77377 355070 29  5 66  0  0
61  0      0 120489152   7128 863732    0    0     0     0 83447 437534 34  5 61  0  0
51  0      0 119964592   7128 862384    0    0    24     0 80653 460745 34  5 62  0  0
 0  0      0 119774080   7128 862800    0    0     0    44 70617 394978 28  4 68  0  0
71  0      0 120187120   7128 862408    0    0     0     0 70577 360984 25  4 71  0  0
33  0      0 120841040   7128 1016056    0    0     0   888 94692 420711 29  5 66  0  0
94  0      0 119951776   7128 1019884    0    0     4     0 86195 458343 38  5 57  0  0
43  0      0 119446440   7128 1018608    0    0     0     0 85170 489333 36  4 59  0  0
procs -----------memory---------- ---swap-- -----io---- -system-- ------cpu-----
 r  b   swpd   free   buff  cache   si   so    bi    bo   in   cs us sy id wa st
 1  0      0 119236528   7128 1019336    0    0     0     4 69713 418644 27  4 69  0  0
11  0      0 120009472   7128 1030296    0    0  9504     0 75058 347457 26  4 69  0  0
22  0      0 120499840   7128 1029256    0    0     0     0 74442 354767 29  5 66  0  0
90  0      0 120021656   7128 1030676    0    0     0     0 103430 414747 34  5 61  0  0
54  0      0 119471328   7128 1032092    0    0     0     0 97675 452076 35  5 60  0  0
19  0      0 119169336   7136 1029732    0    0     0    60 83482 455138 31  4 65  0  0
 5  0      0 119424016   7136 1030348    0    0     0     0 74495 372549 25  4 71  0  0
40  0      0 120599520   7136 1032640    0    0     0   464 81834 388947 27  5 69  0  0
58  0      0 119931768   7136 1031104    0    0     0    64 79042 457768 32  4 64  0  0
47  0      0 119218752   7136 1033284    0    0     0   236 84055 531823 34  5 61  0  0
 6  0      0 119244632   7136 1034832    0    0     0   728 77055 459611 29  4 67  0  0
23  0      0 119370688   7136 1033140    0    0     0    84 75210 429629 29  4 67  0  0
42  0      0 119856480   7136 1034748    0    0     0     0 88164 401753 30  5 65  0  0
55  0      0 119398816   7136 1036232    0    0   212   368 87310 492880 35  5 60  0  0
 9  0      0 120792408   7136 959084    0    0   320    76 67958 368726 23  4 73  0  0
