procs -----------memory---------- ---swap-- -----io---- -system-- ------cpu-----
 r  b   swpd   free   buff  cache   si   so    bi    bo   in   cs us sy id wa st
 2  0      0 308479776 216532 190346560    0    0     0    13    0    0  0  0 100  0  0
 0  0      0 308477408 216532 190346560    0    0     0    44 1519 2277  0  0 100  0  0
 0  0      0 308477184 216532 190346592    0    0     0     0 1429 2592  0  0 100  0  0
 0  0      0 308477632 216532 190346592    0    0     0    28 1389 2365  0  0 100  0  0
 1  0      0 308471520 216532 190346592    0    0     0     0 1798 2741  0  0 100  0  0
 0  0      0 308470880 216532 190346704    0    0     0     0 1339 2400  0  0 100  0  0
 0  0      0 308471040 216532 190346720    0    0     0     0 1404 2616  0  0 100  0  0
 0  0      0 308471040 216532 190346720    0    0     0     0 1358 2380  0  0 100  0  0
70  0      0 306439424 216532 190350944    0    0     0   236 62180 289656 30  4 67  0  0
30  0      0 306151520 216532 190350112    0    0     0    84 71420 345101 33  5 62  0  0
 4  0      0 305846656 216532 190353760    0    0     0    88 73581 363467 30  5 65  0  0
 7  0      0 305845856 216532 190393360    0    0     0     8 78341 359441 27  4 69  0  0
80  0      0 307057824 216532 190509440    0    0     0     0 86249 369864 29  5 66  0  0
34  0      0 306406336 216532 190508832    0    0     0     0 91196 391324 34  5 60  0  0
73  0      0 305765280 216532 190509136    0    0   104     0 86193 469898 34  5 61  0  0
35  0      0 305418944 216532 190509040    0    0     0     0 79496 477849 33  5 62  0  0
17  0      0 305304672 216532 190508368    0    0     0    48 88786 402166 28  7 66  0  0
11  0      0 305706496 216532 190509504    0    0     0   204 69821 381138 26  4 70  0  0
35  0      0 306422496 216532 190510752    0    0  1568     0 107365 412787 31  6 63  0  0
66  0      0 305958272 216532 190512368    0    0     0     0 77306 462010 32  5 64  0  0
53  0      0 305446400 216532 190511952    0    0     0     0 78501 500703 32  5 63  0  0
procs -----------memory---------- ---swap-- -----io---- -system-- ------cpu-----
 r  b   swpd   free   buff  cache   si   so    bi    bo   in   cs us sy id wa st
 8  0      0 305360064 216532 190512944    0    0     0    28 77858 452253 29  5 66  0  0
21  0      0 305632096 216532 190511664    0    0     0     0 75952 421739 28  5 68  0  0
50  0      0 306034976 216532 190513984    0    0     0  1172 93944 468498 30  5 64  0  0
51  0      0 305336960 216532 190520736    0    0     0  1744 87967 530282 33  5 61  0  0
45  0      0 304796800 216532 190524928    0    0     0  1144 92268 533053 33  6 61  0  0
11  0      0 304809792 216532 190520384    0    0     0  2028 83172 477608 29  5 66  0  0
36  0      0 305350080 216532 190522368    0    0     0  1436 85190 456308 27  5 68  0  0
56  0      0 305308384 216532 190528320    0    0     0  1424 87652 493722 31  6 63  0  0
41  0      0 304787200 216532 190526464    0    0     0  2504 91081 564325 34  5 61  0  0
16  0      0 304725824 216532 190528000    0    0     0  2148 91567 519229 31  5 64  0  0
17  0      0 304645568 216532 190534080    0    0     0  2040 85021 446518 30  5 65  0  0
21  0      0 305492480 216532 190530496    0    0     0  2972 91253 492817 29  5 66  0  0
50  0      0 304916864 216532 190534208    0    0     0  2388 83620 505415 32  4 64  0  0
30  0      0 304743424 216532 190536288    0    0   456   956 87129 539456 33  5 62  0  0
 4  0      0 306128704 216532 190452256    0    0     0     0 73178 371588 23  5 72  0  0
 0  0      0 308298208 216532 190446144    0    0     0     8 13572 9325  0  1 99  0  0
