0 4.85 5.25 0.00
1 0.46 1.29 0.00
2 4.79 5.38 0.00
3 0.93 0.77 0.00
4 7.22 75.62 0.00
5 0.30 0.77 0.00
6 5.36 5.31 0.00
7 0.40 1.29 0.00
8 0.31 0.77 0.00
9 6.82 73.41 0.00
10 9.55 10.57 0.00
11 4.84 5.25 0.00
12 0.31 0.77 0.00
13 0.40 1.29 0.00
14 6.63 75.51 0.00
15 0.30 0.77 0.00
16 4.96 5.77 0.00
17 5.48 5.25 0.00
18 4.79 5.31 0.00
19 1.15 69.05 0.00
20 10.41 9.92 0.00
21 4.84 5.25 0.00
22 0.42 1.29 0.00
23 0.87 0.77 0.00
24 1.21 68.35 0.00
25 5.01 5.77 0.00
26 19.65 6455.78 0.00
27 10.71 2894.47 0.00
28 4.96 5.77 0.00
29 1.84 74.03 0.00
30 0.31 0.77 0.00
31 4.95 5.84 0.00
32 5.49 5.31 0.00
33 4.90 5.25 0.00
34 1.06 68.88 0.00
35 5.35 5.38 0.00
36 0.31 0.77 0.00
37 5.01 5.77 0.00
38 4.85 5.25 0.00
39 1.75 68.52 0.00
40 9.50 10.38 0.00
41 4.77 5.38 0.00
42 0.31 0.77 0.00
43 5.46 5.77 0.00
44 1.66 70.90 0.00
45 0.30 0.77 0.00
46 5.53 5.77 0.00
47 0.30 0.77 0.00
48 0.31 0.77 0.00
49 11.39 78.06 0.00
50 4.79 5.38 0.00
51 0.36 0.77 0.00
52 1.05 1.29 0.00
53 13.84 14.13 0.00
54 1.25 68.35 0.00
55 5.52 5.77 0.00
56 0.31 0.77 0.00
57 4.90 5.25 0.00
58 4.89 5.84 0.00
59 5.84 75.68 0.00
60 4.85 5.25 0.00
61 0.40 1.29 0.00
62 0.88 0.77 0.00
63 0.36 0.77 0.00
64 5.60 73.48 0.00
65 5.48 5.25 0.00
66 4.85 5.25 0.00
67 4.88 5.84 0.00
68 0.88 0.77 0.00
69 5.88 73.07 0.00
70 9.43 10.38 0.00
71 0.30 0.77 0.00
72 5.49 5.25 0.00
73 5.01 5.77 0.00
74 5.94 75.38 0.00
75 0.30 0.77 0.00
76 5.47 5.90 0.00
77 4.84 5.25 0.00
78 0.31 0.77 0.00
79 11.26 78.06 0.00
80 0.31 0.77 0.00
81 4.89 5.35 0.00
82 5.71 5.81 0.00
83 0.41 0.81 0.00
84 5.68 73.00 0.00
85 0.98 1.29 0.00
86 0.31 0.77 0.00
87 4.90 5.25 0.00
88 4.96 5.77 0.00
89 6.09 75.59 0.00
90 4.79 5.38 0.00
91 5.59 5.77 0.00
92 0.31 0.77 0.00
93 0.30 0.77 0.00
94 6.17 73.52 0.00
95 0.30 0.77 0.00
96 9.39 9.73 0.00
97 5.52 5.77 0.00
98 0.31 0.77 0.00
99 5.64 73.11 0.00
100 5.02 5.77 0.00
101 0.36 0.77 0.00
102 5.55 5.25 0.00
103 0.46 1.29 0.00
104 10.60 80.02 0.00
105 0.94 2.62 0.00
106 0.42 1.29 0.00
107 0.30 0.77 0.00
108 1.46 0.77 0.00
109 5.81 73.63 0.00
110 9.33 9.79 0.00
111 0.87 0.77 0.00
112 0.42 1.29 0.00
113 4.77 5.38 0.00
114 1.65 68.35 0.00
115 9.49 10.38 0.00
116 4.91 5.25 0.00
117 4.90 5.25 0.00
118 0.42 1.29 0.00
119 1.37 71.07 0.00
120 4.85 5.25 0.00
121 5.46 5.90 0.00
122 0.31 0.77 0.00
123 0.30 0.77 0.00
124 1.69 68.88 0.00
125 18.33 18.81 0.00
126 4.79 5.38 0.00
127 0.98 1.29 0.00
128 0.31 0.77 0.00
129 1.18 68.52 0.00
130 4.89 5.90 0.00
131 5.48 5.25 0.00
132 4.91 5.25 0.00
133 4.88 5.77 0.00
134 6.26 75.51 0.00
135 4.84 5.25 0.00
136 0.42 1.29 0.00
137 1.45 0.77 0.00
138 4.91 5.25 0.00
139 1.74 70.53 0.00
140 9.97 9.79 0.00
141 4.90 5.25 0.00
142 0.47 1.29 0.00
143 4.83 5.38 0.00
144 10.90 80.33 0.00
145 0.40 1.29 0.00
146 0.31 0.77 0.00
147 0.30 0.77 0.00
148 0.42 1.29 0.00
149 6.10 75.55 0.00
150 9.97 9.85 0.00
151 4.88 5.90 0.00
152 0.31 0.77 0.00
153 0.87 0.77 0.00
154 1.14 68.96 0.00
155 9.38 9.79 0.00
156 5.36 5.31 0.00
157 4.88 5.90 0.00
158 0.31 0.77 0.00
159 1.04 68.52 0.00
160 4.96 5.77 0.00
161 5.47 5.31 0.00
162 0.43 0.77 0.00
163 4.95 5.84 0.00
164 2.16 70.90 0.00
165 9.31 9.73 0.00
166 0.42 1.29 0.00
167 1.45 0.77 0.00
168 0.31 0.77 0.00
169 6.13 73.65 0.00
170 5.43 5.25 0.00
171 0.30 0.77 0.00
172 0.42 1.29 0.00
173 5.35 5.38 0.00
174 0.94 68.35 0.00
175 5.01 5.77 0.00
176 4.85 5.25 0.00
177 0.30 0.77 0.00
178 9.43 10.38 0.00
179 2.19 71.07 0.00
180 4.91 5.25 0.00
181 0.40 1.29 0.00
182 5.36 5.25 0.00
183 30591.29 15322.48 0.00
184 23249.09 12099.73 0.00
