0 5.80 114.88 0.00
1 0.70 1.33 0.00
2 5.21 5.79 0.00
3 1.17 2.54 0.00
4 7.17 6.75 0.00
5 9.19 3267.63 0.00
6 20.91 8004.62 0.00
7 18.40 9104.78 0.00
8 14.07 6934.06 0.00
9 20.84 7754.46 0.00
10 28.13 9286.46 0.00
11 6.66 554.24 0.00
12 14.03 7050.48 0.00
13 19.63 9818.18 0.00
14 9.32 1667.94 0.00
15 20.02 9985.00 0.00
16 25.72 10916.33 0.00
17 13.52 3826.55 0.00
18 4.97 6.92 0.00
19 1.58 475.51 0.00
20 17.60 3116.11 0.00
21 32.45 14325.22 0.00
22 24.93 12790.25 0.00
23 1.35 3.19 0.00
24 10.09 5057.53 0.00
25 26.84 11034.79 0.00
26 13.45 3939.10 0.00
27 5.08 5.56 0.00
28 4.90 6.92 0.00
29 1.14 4.47 0.00
30 1.33 110.34 0.00
31 5.13 5.42 0.00
32 5.59 5.85 0.00
33 5.29 7.77 0.00
34 0.36 0.72 0.00
35 1.82 110.85 0.00
36 4.97 5.19 0.00
37 5.36 6.25 0.00
38 5.01 7.44 0.00
39 0.94 0.71 0.00
40 10.35 119.42 0.00
41 5.36 6.33 0.00
42 0.50 0.79 0.00
43 5.59 7.01 0.00
44 0.73 3.79 0.00
45 1.61 110.96 0.00
46 5.41 5.26 0.00
47 0.71 1.47 0.00
48 0.43 2.38 0.00
49 10.81 10.42 0.00
50 6.04 115.34 0.00
51 0.71 0.94 0.00
52 1.07 0.78 0.00
53 9.93 12.83 0.00
54 4.96 5.19 0.00
55 6.32 114.87 0.00
56 0.47 1.24 0.00
57 5.36 6.25 0.00
58 4.97 6.85 0.00
59 5.39 8.25 0.00
60 5.74 114.88 0.00
61 0.64 1.33 0.00
62 1.18 1.31 0.00
63 0.59 2.54 0.00
64 5.03 5.19 0.00
65 6.64 116.09 0.00
66 4.84 5.26 0.00
67 5.15 5.43 0.00
68 1.11 2.90 0.00
69 5.24 5.81 0.00
70 10.28 119.36 0.00
71 0.76 1.47 0.00
72 5.49 5.39 0.00
73 5.29 7.77 0.00
74 5.26 8.33 0.00
75 1.26 110.33 0.00
76 5.54 5.19 0.00
77 5.47 6.71 0.00
78 0.43 2.38 0.00
79 10.53 9.72 0.00
80 1.37 110.86 0.00
81 5.30 5.85 0.00
82 5.67 5.44 0.00
83 0.76 3.10 0.00
84 5.08 5.24 0.00
85 2.12 110.96 0.00
86 0.47 1.24 0.00
87 5.08 5.56 0.00
88 4.90 6.92 0.00
89 5.60 8.99 0.00
90 5.87 114.82 0.00
91 5.71 5.55 0.00
92 0.54 1.30 0.00
93 0.81 3.16 0.00
94 5.66 5.24 0.00
95 1.63 110.85 0.00
96 9.31 9.80 0.00
97 5.94 6.19 0.00
98 0.53 2.90 0.00
99 0.48 0.75 0.00
100 10.66 119.42 0.00
101 0.81 1.86 0.00
102 5.61 5.40 0.00
103 0.59 2.54 0.00
104 9.98 12.85 0.00
105 2.31 110.96 0.00
106 0.36 0.72 0.00
107 0.71 1.47 0.00
108 1.58 2.38 0.00
109 0.76 1.38 0.00
110 15.08 124.36 0.00
111 1.23 0.94 0.00
112 0.43 0.78 0.00
113 0.92 3.69 0.00
114 5.55 5.14 0.00
115 10.50 119.41 0.00
116 4.95 5.85 0.00
117 5.36 6.25 0.00
118 0.43 2.38 0.00
119 0.79 3.78 0.00
120 5.80 114.88 0.00
121 5.82 5.81 0.00
122 0.61 1.31 0.00
123 0.53 2.54 0.00
124 1.05 0.72 0.00
125 19.62 129.52 0.00
126 4.97 5.19 0.00
127 1.18 0.95 0.00
128 0.53 2.90 0.00
129 0.64 1.33 0.00
130 6.03 114.82 0.00
131 5.82 6.07 0.00
132 4.91 5.39 0.00
133 5.29 7.64 0.00
134 5.91 8.27 0.00
135 6.24 114.87 0.00
136 0.36 0.72 0.00
137 2.15 2.17 0.00
138 4.90 6.98 0.00
139 0.36 0.71 0.00
140 11.09 122.83 0.00
141 5.18 5.88 0.00
142 0.56 0.79 0.00
143 5.30 7.53 0.00
144 10.01 9.74 0.00
145 1.58 110.96 0.00
146 0.47 1.24 0.00
147 0.61 0.95 0.00
148 0.43 2.38 0.00
149 5.54 9.01 0.00
150 11.54 119.42 0.00
151 5.26 5.42 0.00
152 0.54 1.30 0.00
153 1.39 3.16 0.00
154 0.42 0.72 0.00
155 10.49 119.93 0.00
156 5.48 5.19 0.00
157 0.89 1.64 0.00
158 5.14 7.37 0.00
159 0.42 0.71 0.00
160 6.24 114.88 0.00
161 5.98 6.33 0.00
162 0.62 0.79 0.00
163 5.19 5.35 0.00
164 1.54 5.45 0.00
165 10.80 119.98 0.00
166 0.36 0.72 0.00
167 1.87 1.47 0.00
168 0.36 0.72 0.00
169 5.43 7.47 0.00
170 6.63 115.40 0.00
171 0.66 0.94 0.00
172 0.43 0.78 0.00
173 6.04 6.51 0.00
174 0.54 2.38 0.00
175 5.68 114.93 0.00
176 4.95 5.78 0.00
177 0.89 1.64 0.00
178 9.44 9.74 0.00
179 1.48 5.43 0.00
180 5.55 114.95 0.00
181 0.64 1.33 0.00
182 5.66 5.79 0.00
183 29901.06 14907.37 0.00
