0 0.42 0.94 0.00
1 5.72 73.35 0.00
2 1.20 3.32 0.00
3 4.90 5.25 0.00
4 4.95 5.90 0.00
5 0.87 0.77 0.00
6 1.08 68.35 0.00
7 1.04 1.29 0.00
8 15.93 392.77 0.00
9 741.84 50549.64 0.00
10 721.79 50777.88 0.00
11 656.98 41196.80 0.00
12 692.97 43973.02 0.00
13 641.47 41485.73 0.00
14 755.88 53671.82 0.00
15 677.29 44594.39 0.00
16 635.94 47953.08 0.00
17 857.71 64682.42 0.00
18 788.87 56207.71 0.00
19 738.88 50970.71 0.00
20 751.86 51069.14 0.00
21 684.88 45447.14 0.00
22 665.52 47326.41 0.00
23 816.01 59617.02 0.00
24 693.26 43442.91 0.00
25 626.58 39256.96 0.00
26 572.79 36583.92 0.00
27 582.57 36193.87 0.00
28 841.42 63331.78 0.00
29 772.55 59029.54 0.00
30 722.26 49981.06 0.00
31 454.91 28858.35 0.00
32 696.48 54292.61 0.00
33 793.32 61309.68 0.00
34 700.40 52325.57 0.00
35 747.23 58580.55 0.00
36 601.80 44572.10 0.00
37 568.70 39739.65 0.00
38 602.30 41982.12 0.00
39 713.36 55525.27 0.00
40 739.69 57849.66 0.00
41 761.62 70439.32 0.00
42 814.14 75866.35 0.00
43 832.04 73299.95 0.00
44 834.31 77845.46 0.00
45 479.30 64819.30 0.00
46 79.52 11643.24 0.00
47 35.12 7778.17 0.00
48 5.24 6.47 0.00
49 496.88 37561.72 0.00
50 1051.07 69291.20 0.00
51 927.09 59513.84 0.00
52 991.17 67071.69 0.00
53 970.13 66442.68 0.00
54 876.32 56563.45 0.00
55 1106.96 83694.87 0.00
56 911.04 59668.57 0.00
57 1017.13 71852.98 0.00
58 777.99 55860.97 0.00
59 1018.20 76591.25 0.00
60 1104.79 82250.14 0.00
61 1001.02 72990.91 0.00
62 874.36 67985.26 0.00
63 985.89 68626.91 0.00
64 976.97 66660.01 0.00
65 1103.76 77830.11 0.00
66 1064.82 79560.46 0.00
67 1019.90 74841.39 0.00
68 1139.13 80807.57 0.00
69 957.35 64833.07 0.00
70 1021.33 71776.89 0.00
71 1079.82 76053.68 0.00
72 1093.29 80374.04 0.00
73 995.99 72509.56 0.00
74 1016.26 75343.22 0.00
75 940.83 63728.13 0.00
76 892.63 61228.75 0.00
77 887.12 58323.81 0.00
78 932.04 66226.71 0.00
79 1012.42 72217.77 0.00
80 869.94 65736.40 0.00
81 888.63 65554.97 0.00
82 877.45 66639.90 0.00
83 698.85 54372.57 0.00
84 655.70 58340.63 0.00
85 416.24 50037.70 0.00
86 0.31 0.77 0.00
87 1.63 68.35 0.00
88 10.46 11.02 0.00
89 0.43 0.84 0.00
90 0.99 0.94 0.00
91 5.14 7.05 0.00
92 81231.86 35397.29 0.00
93 117793.20 43605.65 0.00
94 119370.45 41715.41 0.00
95 16003.70 6952.72 0.00
96 0.88 0.77 0.00
97 1.36 68.88 0.00
98 73968.85 31069.80 0.00
99 118421.88 50010.61 0.00
100 119395.60 53959.77 0.00
101 119379.24 53111.09 0.00
102 119316.67 58071.05 0.00
103 118915.22 55649.68 0.00
104 119445.51 55617.43 0.00
105 119667.69 52634.32 0.00
106 119580.52 49800.09 0.00
107 118062.19 61690.70 0.00
108 118569.27 55177.44 0.00
109 119721.75 48456.59 0.00
110 119501.24 55433.13 0.00
111 118918.00 52122.24 0.00
112 119932.61 44975.43 0.00
113 93742.61 39299.73 0.00
114 118838.08 43453.85 0.00
115 119651.32 45488.04 0.00
116 119119.30 55047.68 0.00
117 119731.00 45764.49 0.00
118 119514.88 51740.90 0.00
119 118883.52 58788.46 0.00
120 119480.20 50949.83 0.00
121 119326.40 53130.66 0.00
122 119784.06 48800.56 0.00
123 119772.42 49452.17 0.00
124 119940.72 57612.25 0.00
125 119382.78 44792.92 0.00
126 118976.81 45570.92 0.00
127 119841.00 48706.40 0.00
128 106608.70 53590.48 0.00
129 118986.07 61469.47 0.00
130 120001.99 48738.56 0.00
131 118389.29 76971.59 0.00
132 44831.65 13501.85 0.00
