0 0.36 0.72 0.00
1 4.90 6.97 0.00
2 1.36 3.79 0.00
3 6.09 115.56 0.00
4 5.50 5.60 0.00
5 1.04 1.29 0.00
6 0.43 2.38 0.00
7 1.28 1.33 0.00
8 9.18 116.94 0.00
9 837.04 58047.77 0.00
10 977.96 72707.59 0.00
11 926.30 67997.81 0.00
12 1035.02 79989.09 0.00
13 1011.80 76409.20 0.00
14 946.67 69951.34 0.00
15 983.20 71808.87 0.00
16 1063.83 75577.01 0.00
17 874.65 58871.37 0.00
18 853.81 59182.29 0.00
19 1016.50 72675.81 0.00
20 1059.34 72862.61 0.00
21 1074.10 78627.47 0.00
22 928.94 65867.90 0.00
23 944.51 64260.75 0.00
24 1020.84 80308.88 0.00
25 1117.31 84637.97 0.00
26 1037.98 81438.66 0.00
27 1155.92 82169.35 0.00
28 847.84 61142.79 0.00
29 876.43 64411.70 0.00
30 1031.67 73949.94 0.00
31 1112.27 86726.71 0.00
32 962.18 69406.50 0.00
33 883.42 62941.32 0.00
34 967.02 71805.51 0.00
35 926.66 65124.70 0.00
36 1073.83 79383.83 0.00
37 1015.02 75256.78 0.00
38 1053.19 81812.25 0.00
39 925.26 68241.10 0.00
40 797.11 65563.27 0.00
41 545.70 41408.98 0.00
42 598.48 47068.50 0.00
43 608.16 49501.61 0.00
44 551.48 43778.77 0.00
45 355.63 34853.57 0.00
46 27.98 3232.18 0.00
47 25.73 7410.28 0.00
48 7.39 309.30 0.00
49 369.19 25094.28 0.00
50 799.00 53910.15 0.00
51 849.14 63996.86 0.00
52 852.54 56663.30 0.00
53 814.92 56893.06 0.00
54 957.52 67275.82 0.00
55 608.15 39491.28 0.00
56 868.42 64069.11 0.00
57 769.90 51759.10 0.00
58 551.76 38549.98 0.00
59 740.14 46975.63 0.00
60 628.69 40978.93 0.00
61 760.63 50763.36 0.00
62 804.25 55567.84 0.00
63 766.97 55086.51 0.00
64 805.44 57051.27 0.00
65 693.97 45596.38 0.00
66 677.70 44409.75 0.00
67 702.65 48982.04 0.00
68 643.79 42327.92 0.00
69 683.89 47711.49 0.00
70 737.17 51504.82 0.00
71 680.42 47668.19 0.00
72 669.51 43514.19 0.00
73 703.53 50972.81 0.00
74 688.07 48611.39 0.00
75 792.90 59893.31 0.00
76 789.27 62144.52 0.00
77 827.59 65478.89 0.00
78 773.43 57270.85 0.00
79 706.53 51117.64 0.00
80 776.83 57653.03 0.00
81 737.95 57754.14 0.00
82 684.62 56020.75 0.00
83 760.27 66707.06 0.00
84 649.05 63362.05 0.00
85 308.83 37425.66 0.00
86 0.60 2.90 0.00
87 1.34 1.33 0.00
88 10.58 119.59 0.00
89 0.88 1.51 0.00
90 0.94 0.72 0.00
91 5.25 7.60 0.00
92 80055.12 46476.70 0.00
93 119585.35 77981.48 0.00
94 119838.63 82044.95 0.00
95 15896.15 10826.02 0.00
96 1.00 2.38 0.00
97 0.48 0.71 0.00
98 74260.13 44915.79 0.00
99 118481.54 72889.58 0.00
100 118412.14 70628.72 0.00
101 119534.32 71659.19 0.00
102 119842.62 67083.80 0.00
103 118966.43 68121.28 0.00
104 119796.65 69889.66 0.00
105 119568.30 73098.45 0.00
106 119126.98 75029.37 0.00
107 119870.71 62354.55 0.00
108 119320.10 68960.53 0.00
109 119729.42 77154.72 0.00
110 119626.46 69237.40 0.00
111 119825.74 72683.68 0.00
112 119376.30 80058.95 0.00
113 94381.05 59117.65 0.00
114 118844.62 79756.28 0.00
115 119010.80 78810.53 0.00
116 119866.70 70572.39 0.00
117 119839.26 79655.52 0.00
118 119859.68 74593.97 0.00
119 119408.35 65739.48 0.00
120 119770.38 74887.72 0.00
121 119808.28 71308.20 0.00
122 119850.44 76604.70 0.00
123 119632.48 75420.42 0.00
124 119901.64 67853.45 0.00
125 119802.67 78721.53 0.00
126 119755.00 78485.23 0.00
127 119840.52 74767.62 0.00
128 106307.30 57775.99 0.00
129 119372.50 60910.78 0.00
130 119947.88 72995.96 0.00
131 118144.93 44337.14 0.00
132 46281.74 32788.27 0.00
