procs -----------memory---------- ---swap-- -----io---- -system-- ------cpu-----
 r  b   swpd   free   buff  cache   si   so    bi    bo   in   cs us sy id wa st
 2  0      0 118520768  10628 2404528    0    0     0     0    0    1  0  0 100  0  0
 0  0      0 118520384  10628 2404592    0    0     0     0 1521 2510  0  0 100  0  0
 0  0      0 118476464  10880 2438596    0    0     0     0 38176 28914  1  0 99  0  0
 1  0      0 118447680  10880 2444528    0    0   152     0 43398 21966  3  0 96  0  0
 0  0      0 118448768  10880 2444540    0    0     0 39040 39370 13860  1  0 99  0  0
 0  0      0 118451792  10880 2444552    0    0     0    12 6621 4659  0  0 100  0  0
 1  0      0 118449184  10880 2444564    0    0     0     0 31125 12024  1  0 99  0  0
 1  0      0 118451744  10888 2444016    0    0   568   496 10094 5531  0  0 100  0  0
 2  0      0 118447312  10888 2444600    0    0     0     0 26901 9826  0  0 99  0  0
 3  0      0 118436536  10888 2444616    0    0     0     0 18476 7872  1  0 99  0  0
 7  0      0 118436288  10888 2444624    0    0     0    12 12478 5964  0  0 100  0  0
 1  0      0 118433376  10888 2444636    0    0     0    36 30789 10704  1  0 99  0  0
 0  0      0 118435648  10888 2444636    0    0     0     0 6411 4201  0  0 100  0  0
 2  0      0 118423552  10888 2444656    0    0     0     0 42341 13241  1  0 98  0  0
 2  0      0 118418344  10888 2444100    0    0   568     0 40352 13349  1  0 99  0  0
 2  0      0 118421072  10888 2444676    0    0     0    12 14474 6422  2  0 98  0  0
 1  0      0 118407864  10888 2444692    0    0     0    64 45297 13916  1  0 98  0  0
 3  0      0 118406976  10888 2444704    0    0     0     0 43294 14324  1  0 99  0  0
 1  0      0 118417488  10888 2444716    0    0     0     0 16045 6988  1  0 99  0  0
 3  0      0 118422288  10916 2445180    0    0     8     0 6751 5873  0  0 100  0  0
 1  0      0 118419616  10916 2445928    0    0     0    16 4424 4276  0  0 100  0  0
