procs -----------memory---------- ---swap-- -----io---- -system-- ------cpu-----
 r  b   swpd   free   buff  cache   si   so    bi    bo   in   cs us sy id wa st
 2  0      0 305174784 218208 191538448    0    0     0    13    0    0  0  0 100  0  0
 0  0      0 305172544 218208 191538400    0    0     0     0 1557 2497  0  0 100  0  0
 0  0      0 305126976 218472 191571232    0    0     4     0 42775 27614  1  1 99  0  0
 0  0      0 305106976 218472 191578256    0    0     0    16 41258 23541  3  1 97  0  0
 1  0      0 305084608 218472 191578272    0    0   820   820 39566 13626  1  0 98  0  0
 0  0      0 305088192 218472 191578272    0    0     0    68 9728 5860  0  0 100  0  0
 0  0      0 305085376 218472 191578288    0    0     0     0 25923 9687  1  0 99  0  0
 0  0      0 305087904 218472 191578304    0    0     0     0 13505 6312  0  0 100  0  0
 1  0      0 305081984 218472 191578336    0    0     0 38708 29428 10149  1  0 99  0  0
 1  0      0 305078400 218472 191578336    0    0     0     0 22900 8590  1  0 99  0  0
 5  0      0 305078880 218472 191578352    0    0     0   284 16283 6510  0  0 100  0  0
 4  0      0 305079168 218472 191578368    0    0     0     0 30896 10643  1  0 99  0  0
 0  0      0 305079776 218472 191578368    0    0     0     0 6455 4285  0  0 100  0  0
 0  0      0 305072384 218472 191578384    0    0     0    12 45961 14085  1  0 99  0  0
 7  0      0 305051520 218472 191578400    0    0   124     0 42397 13230  2  0 98  0  0
 2  0      0 305054432 218472 191578400    0    0     0     0 12287 5659  1  0 99  0  0
 3  0      0 305043520 218472 191578416    0    0     0     0 47230 14532  2  0 98  0  0
 3  0      0 305036864 218472 191578432    0    0     0     0 45574 13349  2  0 97  0  0
 0  0      0 305031488 218472 191578432    0    0     0    12 18426 7090  2  0 98  0  0
 1  0      0 305036768 218500 191578576    0    0     0   120 7823 5983  0  0 99  0  0
 0  0      0 305039424 218500 191579216    0    0     0     0 3208 3290  0  0 100  0  0
