0 0.01 0.00 0.02 0.00 0.00 0.00 0.00 0.00 0 0.00
1 0.35 0.00 0.31 0.00 0.00 0.25 0.00 0.00 0 0.00
2 0.16 0.00 0.07 0.00 0.00 0.02 0.00 0.00 0 0.00
3 0.63 0.00 0.16 0.00 0.00 0.06 0.00 0.00 0 0.00
4 0.76 0.00 0.22 0.00 0.00 0.08 0.00 0.00 0 0.00
5 0.51 0.00 0.09 0.00 0.00 0.04 0.00 0.00 0 0.00
6 0.35 0.00 0.18 0.00 0.00 0.08 0.00 0.00 0 0.00
7 0.30 0.00 0.18 0.00 0.00 0.10 0.00 0.00 0 0.00
8 0.84 0.00 0.90 0.00 0.00 0.06 0.00 0.00 0 0.00
9 2.09 0.00 0.25 0.00 0.00 0.13 0.00 0.00 0 0.00
10 1.13 0.00 0.13 0.00 0.00 0.03 0.00 0.00 0 0.00
11 1.03 0.00 0.17 0.00 0.00 0.05 0.00 0.00 0 0.00
12 0.35 0.00 0.21 0.00 0.00 0.09 0.00 0.00 0 0.00
13 0.74 0.00 0.26 0.00 0.00 0.14 0.00 0.00 0 0.00
14 0.35 0.00 0.08 0.00 0.00 0.05 0.00 0.00 0 0.00
15 0.50 0.00 0.14 0.00 0.00 0.05 0.00 0.00 0 0.00
16 0.24 0.00 0.10 0.00 0.00 0.05 0.00 0.00 0 0.00
17 0.09 0.00 0.10 0.00 0.00 0.01 0.00 0.00 0 0.00
