0 0.01 0.00 0.01 0.00 0.00 0.00 0.00 0.00 0 0.00
1 0.51 0.00 0.27 0.00 0.00 0.27 0.00 0.00 0 0.00
2 0.17 0.00 0.06 0.00 0.00 0.06 0.00 0.00 0 0.00
3 0.25 0.00 0.22 0.00 0.00 0.10 0.00 0.00 0 0.00
4 0.48 0.00 0.20 0.00 0.00 0.14 0.00 0.00 0 0.00
5 0.94 0.00 0.13 0.00 0.00 0.04 0.00 0.00 0 0.00
6 0.34 0.00 0.15 0.00 0.00 0.11 0.00 0.00 0 0.00
7 0.42 0.00 0.19 0.00 0.00 0.15 0.00 0.00 0 0.00
8 0.73 0.00 0.14 0.00 0.00 0.09 0.00 0.00 0 0.00
9 0.95 0.00 0.48 0.00 0.00 0.18 0.00 0.00 0 0.00
10 0.23 0.00 0.10 0.00 0.00 0.07 0.00 0.00 0 0.00
11 0.80 0.00 0.17 0.00 0.00 0.14 0.00 0.00 0 0.00
12 0.40 0.00 0.19 0.00 0.00 0.16 0.00 0.00 0 0.00
13 0.56 0.00 0.22 0.00 0.00 0.20 0.00 0.00 0 0.00
14 0.48 0.00 0.10 0.01 0.00 0.05 0.00 0.00 0 0.00
15 0.75 0.00 0.15 0.00 0.00 0.10 0.00 0.00 0 0.00
16 0.60 0.00 0.10 0.00 0.00 0.08 0.00 0.00 0 0.00
17 0.08 0.00 0.09 0.00 0.00 0.02 0.00 0.00 0 0.00
