procs -----------memory---------- ---swap-- -----io---- -system-- ------cpu-----
 r  b   swpd   free   buff  cache   si   so    bi    bo   in   cs us sy id wa st
 2  0      0 25814632    800 96040328    0    0     0    15    1    1  0  0 100  0  0
 0  0      0 25811856    800 96040376    0    0     0     0 1636 2142  1  0 99  0  0
 0  0      0 25811760    800 96040376    0    0     0     0  775 1451  0  0 100  0  0
 0  0      0 25811664    800 96040392    0    0     0     0 1055 1684  0  0 100  0  0
 0  0      0 25811788    800 96040408    0    0     0     0  769 1414  0  0 100  0  0
 0  0      0 25805544    800 96040448    0    0     0    92 1522 1960  0  0 100  0  0
 0  0      0 25805548    800 96040464    0    0     0     0  777 1462  0  0 100  0  0
 1  0      0 25805548    800 96040480    0    0     0     0 1030 1673  0  0 100  0  0
 2  0      0 25783828    800 96034808    0    0   136     0 2429 3704  0  0 100  0  0
 3  0      0 25601524    800 96034896    0    0    28     0 5142 20670  3  0 97  0  0
43  0      0 25396056    800 96034896    0    0     0     0 5529 12639  3  0 96  0  0
 1  0      0 25330080    800 96034928    0    0     0     0 6401 8839  3  0 97  0  0
 0  0      0 25263308    800 96079120    0    0     0     0 8028 28455  2  0 98  0  0
 3  0      0 25142152    800 96191984    0    0     0     0 8872 26310  2  0 98  0  0
 1  0      0 24965716    800 96191600    0    0     4   376 7220 15037  5  0 95  0  0
 3  0      0 24677280    800 96191632    0    0     0     0 27730 6725  9  1 91  0  0
11  0      0 24667240    800 96191648    0    0     0     0 46304 17429  4  0 95  0  0
 7  0      0 24506416    800 96191656    0    0     4     0 27525 15599  7  0 93  0  0
13  0      0 24479300    800 96194416    0    0     4     0 86974 19274  7  0 93  0  0
10  0      0 24363896    800 96196192    0    0     0     0 19590 25583  6  0 94  0  0
 8  0      0 24258152    800 96196208    0    0     0     4 9969 9881  4  0 96  0  0
procs -----------memory---------- ---swap-- -----io---- -system-- ------cpu-----
 r  b   swpd   free   buff  cache   si   so    bi    bo   in   cs us sy id wa st
 6  0      0 24034932    800 96196256    0    0     0     0 12820 11836  8  1 90  0  0
 5  0      0 23833740    800 96196288    0    0     0     0 23131 8688  6  1 92  0  0
 8  0      0 23784544    800 96196312    0    0     0     0 13418 5848  4  1 94  0  0
 0  0      0 23802092    800 96196336    0    0     0     0 8099 7406  2  0 98  0  0
 0  0      0 23801628    800 96196376    0    0     0     0 1289 2167  0  0 100  0  0
 0  0      0 23801936    800 96196384    0    0     0     0  822 1499  0  0 100  0  0
 0  0      0 23801940    800 96196384    0    0     0     0 1094 1734  0  0 100  0  0
 0  0      0 23801940    800 96196384    0    0     0     0  901 1526  0  0 100  0  0
 1  0      0 23801940    800 96196384    0    0     0     0  994 1572  0  0 100  0  0
 9  0      0 23795004    800 96196384    0    0     0     4 6236 7974  3  0 97  0  0
63  0      0 23736288    800 96196448    0    0     0     0 18080 9145 12  1 88  0  0
 7  0      0 23726664    800 96196448    0    0     0    24 11910 18008  7  0 93  0  0
 0  0      0 23688424    800 96214008    0    0     0     0 18940 20886  7  0 93  0  0
 3  0      0 23696844    800 96196712    0    0     0     0 4547 4473  1  0 99  0  0
 0  0      0 25706368    800 96114080    0    0     0   504 12444 8265  2  0 98  0  0
