procs -----------memory---------- ---swap-- -----io---- -system-- ------cpu-----
 r  b   swpd   free   buff  cache   si   so    bi    bo   in   cs us sy id wa st
 2  0      0 354967520   2792 144468928    0    0     0    15    1    0  0  0 100  0  0
 0  0      0 354965824   2792 144468992    0    0     0     0 1253 2129  0  0 100  0  0
 0  0      0 354965408   2792 144468992    0    0     0     0  969 1579  0  0 100  0  0
 0  0      0 354965472   2792 144468992    0    0     0     0  808 1414  0  0 100  0  0
 0  0      0 354965472   2792 144468992    0    0     0     0  867 1369  0  0 100  0  0
 0  0      0 354959296   2792 144468992    0    0     0    40 1281 1852  0  0 100  0  0
 0  0      0 354959296   2792 144468992    0    0     0     0 1039 1658  0  0 100  0  0
 0  0      0 354959296   2792 144468992    0    0     0     0  753 1388  0  0 100  0  0
 2  0      0 354937984   2792 144469120    0    0     0     0 2148 3651  0  0 100  0  0
 3  0      0 354749536   2792 144469152    0    0     0     0 5199 19439  3  0 97  0  0
 2  0      0 354531008   2792 144469312    0    0     0     0 7245 13878  4  0 96  0  0
 1  0      0 354492160   2792 144349984    0    0     0     0 5630 8459  2  0 98  0  0
 3  0      0 354337984   2792 144375552    0    0     0     0 12242 24966  2  0 97  0  0
 3  0      0 354186304   2792 144506176    0    0     0     0 16193 28976  2  0 98  0  0
63  0      0 353914560   2792 144506752    0    0     0     0 16937 20825  9  1 90  0  0
 5  0      0 353874560   2792 144506752    0    0     0    20 39263 13527  4  0 95  0  0
 5  0      0 353530784   2792 144507520    0    0     0     0 30128 24634  8  0 91  0  0
 5  0      0 353296800   2792 144518544    0    0     0     0 17403 18473  7  0 93  0  0
12  0      0 353270624   2792 144522272    0    0     0     0 42405 21958  7  0 93  0  0
 9  0      0 353239040   2792 144522304    0    0     0   416 22842 24035  8  0 92  0  0
12  0      0 353235424   2792 144522368    0    0     0    24 6958 9578  3  0 97  0  0
procs -----------memory---------- ---swap-- -----io---- -system-- ------cpu-----
 r  b   swpd   free   buff  cache   si   so    bi    bo   in   cs us sy id wa st
 1  0      0 353186912   2792 144522416    0    0     0     0 27893 9791  9  1 90  0  0
65  0      0 352984448   2792 144522432    0    0     0     0 16687 6346  6  4 90  0  0
 6  0      0 353075648   2792 144522464    0    0     0     0 11508 5728  5  1 95  0  0
 1  0      0 353089280   2792 144522496    0    0     0     0 3426 5618  1  0 99  0  0
 0  0      0 353090144   2792 144522496    0    0     0     0 1039 1966  0  0 100  0  0
 0  0      0 353090144   2792 144522496    0    0     0     0 1046 1711  0  0 100  0  0
 0  0      0 353090208   2792 144522496    0    0     0     0  825 1481  0  0 100  0  0
 4  0      0 353083872   2792 144522496    0    0     0     0 4826 6088  2  0 98  0  0
 0  0      0 353082016   2792 144522496    0    0     0     0 1816 4428  1  0 99  0  0
 1  0      0 353071808   2792 144522496    0    0     0     8 10997 7551  3  0 97  0  0
 3  0      0 352976480   2792 144522592    0    0     0     0 32409 14975 17  2 81  0  0
 0  0      0 352945952   2792 144537568    0    0     0    32 45096 19507  5  0 95  0  0
 1  0      0 352930688   2792 144538528    0    0     0     0 10007 7084  2  0 98  0  0
 3  0      0 352940384   2792 144521984    0    0     0     0 4074 4864  1  0 99  0  0
 0  0      0 354976032   2792 144428960    0    0     0   468 13148 7216  1  0 98  0  0
