0 4.88 5.83 0.00
1 6.43 74.61 0.00
2 0.29 0.77 0.00
3 4.90 5.71 0.00
4 0.40 1.28 0.00
5 5.36 5.37 0.00
6 5.87 73.35 0.00
7 9.36 10.30 0.00
8 5.35 5.37 0.00
9 5.63 6.00 0.00
10 4.94 5.76 0.00
11 1.07 68.41 0.00
12 9.48 10.37 0.00
13 5.72 7.03 0.00
14 0.87 0.77 0.00
15 4.89 5.77 0.00
16 2.00 70.14 0.00
17 0.88 0.77 0.00
18 4.88 5.83 0.00
19 0.52 1.46 0.00
20 9.95 9.79 0.00
21 5.60 73.35 0.00
22 5.03 5.81 0.00
23 0.30 0.77 0.00
24 4.88 5.90 0.00
25 0.41 1.28 0.00
26 10.02 77.30 0.00
27 0.47 1.33 0.00
28 5.13 7.03 0.00
29 4.89 5.55 0.00
30 0.40 1.29 0.00
31 10.90 79.22 0.00
32 0.29 0.77 0.00
33 5.07 5.77 0.00
34 5.63 5.76 0.00
35 9.50 9.85 0.00
36 1.48 70.72 0.00
37 0.98 1.28 0.00
38 4.90 5.25 0.00
39 5.57 6.00 0.00
40 0.40 1.28 0.00
41 5.91 72.88 0.00
42 0.98 1.29 0.00
43 0.60 2.56 0.00
44 5.40 5.31 0.00
45 5.59 5.77 0.00
46 1.35 70.14 0.00
47 5.36 5.37 0.00
48 4.94 5.77 0.00
49 0.52 1.46 0.00
50 0.87 0.77 0.00
51 5.84 73.41 0.00
52 5.06 5.82 0.00
53 0.30 0.77 0.00
54 0.40 1.29 0.00
55 4.88 5.89 0.00
56 1.47 68.35 0.00
57 5.02 5.77 0.00
58 0.53 2.56 0.00
59 0.41 0.94 0.00
60 0.98 1.29 0.00
61 5.85 74.68 0.00
62 4.90 5.25 0.00
63 0.99 1.29 0.00
64 4.87 5.89 0.00
65 0.30 0.77 0.00
66 1.68 68.87 0.00
67 5.01 5.76 0.00
68 5.41 5.25 0.00
69 5.12 5.94 0.00
70 4.93 5.82 0.00
71 6.38 72.95 0.00
72 4.88 5.83 0.00
73 5.65 7.03 0.00
74 0.29 0.77 0.00
75 5.59 5.77 0.00
76 6.47 74.78 0.00
77 0.30 0.77 0.00
78 0.40 1.29 0.00
79 10.11 10.47 0.00
80 0.29 0.77 0.00
81 5.66 73.35 0.00
82 0.48 1.34 0.00
83 4.78 5.31 0.00
84 0.40 1.29 0.00
85 0.41 1.28 0.00
86 5.74 72.83 0.00
87 4.89 5.90 0.00
88 5.07 7.03 0.00
89 0.41 0.94 0.00
90 0.98 1.29 0.00
91 6.02 74.68 0.00
92 4.83 5.25 0.00
93 0.99 1.29 0.00
94 5.00 5.76 0.00
95 4.78 5.37 0.00
96 1.62 68.87 0.00
97 4.88 5.82 0.00
98 0.87 0.77 0.00
99 5.00 6.07 0.00
100 9.41 10.37 0.00
101 1.68 68.40 0.00
102 0.98 1.29 0.00
103 5.01 7.10 0.00
104 5.47 5.25 0.00
105 0.41 1.29 0.00
106 1.97 70.14 0.00
107 9.26 9.85 0.00
108 0.40 1.29 0.00
109 1.09 1.46 0.00
110 9.38 9.79 0.00
111 6.03 73.48 0.00
112 5.06 5.82 0.00
113 0.30 0.77 0.00
114 0.40 1.29 0.00
115 9.49 10.30 0.00
116 1.32 68.35 0.00
117 0.47 1.33 0.00
118 5.00 7.16 0.00
119 5.53 5.42 0.00
120 0.40 1.29 0.00
121 1.38 70.14 0.00
122 0.87 0.77 0.00
123 9.49 10.24 0.00
124 0.40 1.28 0.00
125 9.96 9.79 0.00
126 1.11 68.87 0.00
127 0.98 1.28 0.00
128 53213.74 30059.14 0.00
