0 5.37 6.38 0.00
1 5.71 8.77 0.00
2 0.54 0.79 0.00
3 6.07 115.40 0.00
4 0.99 2.09 0.00
5 7.37 270.48 0.00
6 17.60 5506.57 0.00
7 20.18 5466.20 0.00
8 23.59 8786.32 0.00
9 18.35 6383.51 0.00
10 17.76 6542.63 0.00
11 20.79 10683.68 0.00
12 10.99 504.38 0.00
13 20.34 7244.93 0.00
14 16.94 8013.58 0.00
15 15.00 5221.52 0.00
16 23.88 11681.90 0.00
17 20.27 10131.12 0.00
18 9.40 1646.38 0.00
19 0.66 1.43 0.00
20 23.12 6720.13 0.00
21 25.37 10662.48 0.00
22 21.18 8426.20 0.00
23 1.76 110.47 0.00
24 22.87 9037.24 0.00
25 22.89 11739.24 0.00
26 27.74 9529.73 0.00
27 8.14 3856.86 0.00
28 6.60 116.25 0.00
29 5.23 6.54 0.00
30 0.52 1.29 0.00
31 10.38 13.31 0.00
32 0.70 1.40 0.00
33 6.60 115.40 0.00
34 6.11 6.23 0.00
35 9.56 9.80 0.00
36 0.99 3.51 0.00
37 1.04 1.23 0.00
38 6.14 115.10 0.00
39 5.72 5.85 0.00
40 0.74 1.85 0.00
41 5.02 6.98 0.00
42 1.04 1.22 0.00
43 1.65 110.85 0.00
44 6.19 7.33 0.00
45 5.58 5.78 0.00
46 0.89 4.15 0.00
47 5.54 5.19 0.00
48 6.23 116.19 0.00
49 0.60 1.30 0.00
50 0.93 0.70 0.00
51 5.31 7.37 0.00
52 5.22 6.45 0.00
53 1.26 110.34 0.00
54 0.94 1.70 0.00
55 5.07 5.71 0.00
56 0.94 2.99 0.00
57 4.94 5.84 0.00
58 1.73 111.01 0.00
59 0.62 2.13 0.00
60 1.41 1.91 0.00
61 5.25 8.64 0.00
62 5.08 8.28 0.00
63 2.26 110.86 0.00
64 5.59 6.57 0.00
65 0.36 0.71 0.00
66 1.23 2.88 0.00
67 4.94 5.83 0.00
68 7.15 115.67 0.00
69 5.08 5.91 0.00
70 5.06 5.69 0.00
71 5.54 6.85 0.00
72 5.29 6.33 0.00
73 6.93 115.39 0.00
74 0.96 2.45 0.00
75 5.52 5.84 0.00
76 6.18 9.25 0.00
77 0.36 0.71 0.00
78 1.92 111.02 0.00
79 10.19 10.38 0.00
80 0.64 1.33 0.00
81 4.90 7.43 0.00
82 0.46 0.96 0.00
83 6.09 114.81 0.00
84 0.99 2.10 0.00
85 0.46 1.23 0.00
86 4.96 6.90 0.00
87 5.07 5.71 0.00
88 6.42 116.18 0.00
89 0.62 2.06 0.00
90 1.10 1.29 0.00
91 5.20 8.64 0.00
92 5.12 5.87 0.00
93 2.26 110.86 0.00
94 5.41 6.30 0.00
95 5.02 5.23 0.00
96 1.45 3.51 0.00
97 5.00 5.71 0.00
98 2.10 110.50 0.00
99 5.21 5.85 0.00
100 9.82 10.86 0.00
101 1.06 2.37 0.00
102 1.04 1.22 0.00
103 5.90 115.33 0.00
104 6.07 7.46 0.00
105 0.46 1.24 0.00
106 1.29 4.15 0.00
107 9.44 9.67 0.00
108 1.95 111.65 0.00
109 1.17 1.30 0.00
110 9.38 9.78 0.00
111 5.15 7.30 0.00
112 5.22 6.45 0.00
113 1.50 110.34 0.00
114 0.94 1.70 0.00
115 9.48 10.31 0.00
116 0.77 2.99 0.00
117 0.46 1.24 0.00
118 6.76 115.49 0.00
119 5.68 6.67 0.00
120 0.83 1.91 0.00
121 0.72 4.16 0.00
122 1.11 0.79 0.00
123 10.59 119.94 0.00
124 0.99 2.09 0.00
125 9.95 9.80 0.00
126 0.59 2.88 0.00
127 1.04 1.23 0.00
128 53700.06 24515.83 0.00
