procs -----------memory---------- ---swap-- -----io---- -system-- ------cpu-----
 r  b   swpd   free   buff  cache   si   so    bi    bo   in   cs us sy id wa st
 2  0      0 122985016   2124 2117676    0    0     0     0    2    3  0  0 100  0  0
 0  0      0 122980496   2124 2117676    0    0     0     0  731  653  0  0 100  0  0
 0  0      0 122980496   2124 2117676    0    0     0     0  207  232  0  0 100  0  0
 0  0      0 122980496   2124 2117676    0    0     0     0  305  328  0  0 100  0  0
 9  0      0 122855368   2124 2117808    0    0     0     0 4140 18836  2  0 98  0  0
 2  0      0 122644864   2124 2117812    0    0     0     0 4075 12002  3  0 97  0  0
 2  0      0 122500496   2124 2118000    0    0     0     0 5747 7624  3  0 97  0  0
 2  0      0 122398960   2124 2129292    0    0     0     0 4327 16103  2  0 98  0  0
 2  0      0 122255024   2124 2259316    0    0     0     0 9954 32378  2  0 98  0  0
 4  0      0 122026304   2124 2275572    0    0     0     0 7654 13943  5  0 95  0  0
 1  0      0 122027328   2124 2275572    0    0     0     0  405  296  0  0 100  0  0
 0  0      0 122027208   2124 2275572    0    0     0     0  311  362  0  0 100  0  0
 5  0      0 122023496   2124 2275612    0    0     0     0  572 1352  0  0 100  0  0
 0  0      0 122014864   2124 2275612    0    0     0     0  795 2073  0  0 100  0  0
 0  0      0 122023552   2124 2275636    0    0     0     0  254  313  0  0 100  0  0
 0  0      0 122023672   2124 2275640    0    0     0     0  322  394  0  0 100  0  0
 0  0      0 122022336   2124 2275668    0    0     0     0  824 2218  0  0 100  0  0
 0  0      0 122022584   2124 2275676    0    0     0     0  468  667  0  0 100  0  0
 0  0      0 122022584   2124 2275676    0    0     0     0  259  302  0  0 100  0  0
 0  0      0 122040200   2124 2275704    0    0     0     0 1173 1587  0  0 100  0  0
 0  0      0 122040576   2124 2275704    0    0     0    92  354  428  0  0 100  0  0
procs -----------memory---------- ---swap-- -----io---- -system-- ------cpu-----
 r  b   swpd   free   buff  cache   si   so    bi    bo   in   cs us sy id wa st
 0  0      0 122040816   2124 2275724    0    0     0    36  308  323  0  0 100  0  0
 0  0      0 122041264   2124 2275732    0    0     0     0 1528 1386  0  0 100  0  0
 0  0      0 122041264   2124 2275752    0    0     0     0  315  378  0  0 100  0  0
 0  0      0 122041264   2124 2275752    0    0     0     0  353  446  0  0 100  0  0
 0  0      0 122915040   2124 2197092    0    0     0    32 7421 2305  0  0 100  0  0
