procs -----------memory---------- ---swap-- -----io---- -system-- ------cpu-----
 r  b   swpd   free   buff  cache   si   so    bi    bo   in   cs us sy id wa st
 2  0      0 500481280   2124 2112444    0    0     0     0    2    3  0  0 100  0  0
 0  0      0 500475328   2124 2112444    0    0     0     0  756  616  0  0 100  0  0
 0  0      0 500474816   2124 2112444    0    0     0     0  247  288  0  0 100  0  0
 0  0      0 500474816   2124 2112444    0    0     0     0  334  412  0  0 100  0  0
 9  0      0 500354720   2124 2112604    0    0     0     0 4107 19172  2  0 98  0  0
 2  0      0 500155040   2124 2112616    0    0     0     0 4216 13038  3  0 97  0  0
 2  0      0 499932928   2124 2112620    0    0     0     0 7129 9108  3  0 96  0  0
 4  0      0 499881472   2124 2148156    0    0     0     0 9896 23013  2  0 98  0  0
10  0      0 499743648   2124 2269752    0    0     0     0 15744 27538  2  0 98  0  0
 2  0      0 499639360   2124 2269752    0    0     0    12 44206 14081  4  0 95  0  0
 0  0      0 499640000   2124 2269836    0    0     0     0  389  420  0  0 100  0  0
 0  0      0 499640128   2124 2269852    0    0     0     0  368  461  0  0 100  0  0
 3  0      0 499637312   2124 2269852    0    0     0     0 2530 1724  0  0 100  0  0
 0  0      0 499636704   2124 2269876    0    0     0     0 2919 1746  0  0 100  0  0
 0  0      0 499672288   2124 2269888    0    0     0     0  275  343  0  0 100  0  0
 0  0      0 499672416   2124 2269888    0    0     0     0  403  490  0  0 100  0  0
 0  0      0 499669536   2124 2269908    0    0     0     0 5724 2142  0  0 100  0  0
 0  0      0 499669536   2124 2269916    0    0     0     0  248  314  0  0 100  0  0
 0  0      0 499669536   2124 2269916    0    0     0     0  355  394  0  0 100  0  0
 0  0      0 499661696   2124 2269936    0    0     0     0 1725 1848  0  0 100  0  0
 0  0      0 499661696   2124 2269952    0    0     0     0  257  322  0  0 100  0  0
procs -----------memory---------- ---swap-- -----io---- -system-- ------cpu-----
 r  b   swpd   free   buff  cache   si   so    bi    bo   in   cs us sy id wa st
 0  0      0 499661824   2124 2269964    0    0     0     0  286  319  0  0 100  0  0
 0  0      0 499661536   2124 2269972    0    0     0     0 1000 1480  0  0 100  0  0
 0  0      0 499661536   2124 2269972    0    0     0     0  337  410  0  0 100  0  0
 0  0      0 499661536   2124 2269972    0    0     0     0  243  296  0  0 100  0  0
 0  0      0 500399776   2124 2191804    0    0     0    84 7823 1884  0  0 100  0  0
 1  0      0 500398976   2124 2191528    0    0     0    28 2146 1605  0  0 99  0  0
