24
50
28
[0, 4, 6, 10, 12, 16, 18, 22, 24, 26, 30, 36, 38, 40, 42, 44, 48, 50, 52, 64, 66, 68, 72, 74, 76, 82, 84, 96]
10
[0, 6, 8, 12, 14, 18, 20, 24, 32, 36]
80
9 0
10 0
12 0
13 0
14 0
15 0
16 0
17 0
7 6
9 6
12 6
13 6
14 6
15 6
16 6
17 6
6 8
10 8
12 8
13 8
14 8
15 8
16 8
17 8
9 12
11 12
12 12
13 12
14 12
15 12
16 12
17 12
8 14
11 14
12 14
13 14
14 14
15 14
16 14
17 14
6 18
10 18
12 18
13 18
14 18
15 18
16 18
17 18
8 20
11 20
12 20
13 20
14 20
15 20
16 20
17 20
6 24
10 24
12 24
13 24
14 24
15 24
16 24
17 24
6 32
9 32
12 32
13 32
14 32
15 32
16 32
17 32
6 36
10 36
12 36
13 36
14 36
15 36
16 36
17 36
166 6 17 3 0 3 165 0 68 0 0 1 90 10 14 0 0 0 68 0 77 3 0 0 79 2 0 0 0 0 0 0 30 4 0 0 141 3 0 0 0 22 0 0 0 0 0 0 23 0
7 3 13 6 2 6 162 6 75 0 0 2 90 4 14 0 0 0 75 0 102 3 0 0 100 2 0 0 0 0 0 0 34 4 0 0 148 3 0 0 0 20 0 0 0 0 0 0 20 1
180 2 19 6 0 4 153 0 77 0 0 4 82 7 33 0 0 0 78 0 122 6 0 0 101 3 0 0 0 0 0 0 35 8 0 0 133 5 0 0 0 26 0 0 0 0 0 0 27 0
180 7 13 2 0 3 163 2 40 0 0 3 90 8 10 0 0 0 42 0 82 5 0 0 58 3 0 0 0 0 0 0 41 5 0 0 150 3 0 0 0 18 0 0 0 0 0 0 18 1
182 3 13 3 1 5 161 0 69 0 0 1 96 12 27 0 0 0 69 0 128 8 0 0 80 2 0 0 0 0 0 0 21 6 0 0 133 3 0 0 0 19 0 0 0 0 0 0 20 0
167 9 14 3 0 3 162 0 33 0 0 5 28 9 16 0 0 0 33 0 94 3 0 0 47 3 0 0 0 0 0 0 38 4 0 0 150 3 0 0 0 19 0 0 0 0 0 0 20 0
137 1 19 7 1 7 53 1 171 0 0 3 93 7 24 0 0 0 172 0 120 19 0 0 195 9 0 0 0 0 0 0 157 10 0 0 290 2 0 0 0 25 0 0 0 0 0 0 25 1
119 2 30 2 0 15 313 2 67 0 0 3 85 13 31 0 0 0 67 0 122 7 0 0 78 3 0 0 0 0 0 0 33 10 0 0 132 3 0 0 0 37 0 0 0 0 0 0 37 1
124 3 36 4 0 9 72 0 66 0 0 7 48 27 146 0 0 0 67 0 388 8 0 0 78 2 0 0 0 0 0 0 31 10 0 0 143 9 0 0 0 49 0 0 0 0 0 0 51 3
1267 24 38 2 0 8 313 1 66 0 0 2 518 13 19 0 0 0 66 0 117 8 0 0 74 7 0 0 0 0 0 0 150 10 0 0 136 11 0 0 0 49 0 0 0 0 0 0 51 1
1286 5 18 11 1 4 54 1 174 0 0 2 96 3 19 0 0 0 175 0 105 11 0 0 197 2 0 0 0 0 0 0 29 21 0 0 285 3 0 0 0 27 0 0 0 0 0 0 27 0
117 4 24 3 0 8 72 0 33 0 0 9 522 27 148 0 0 0 34 0 390 9 0 0 45 3 0 0 0 0 0 0 32 8 0 0 140 5 0 0 0 31 0 0 0 0 0 0 32 0
1380 29 65 10 2 9 450 1 166 0 0 13 746 24 102 0 0 0 168 0 585 7 0 0 193 9 0 0 0 0 0 0 166 10 0 0 251 7 0 0 0 72 0 0 0 0 0 0 74 1
1405 4 27 12 4 9 437 2 184 0 0 10 746 27 105 0 0 0 184 0 589 10 0 0 230 8 0 0 0 0 0 0 166 8 0 0 266 7 0 0 0 57 0 0 0 0 0 0 60 2
1381 28 81 10 1 9 444 0 188 0 0 12 746 24 104 0 0 0 190 0 586 10 0 0 230 5 0 0 0 0 0 0 169 6 0 0 264 8 0 0 0 90 0 0 0 0 0 0 93 1
1405 6 78 10 1 9 449 1 191 0 0 12 777 24 106 0 0 0 192 0 588 6 0 0 230 10 0 0 0 0 0 0 168 9 0 0 267 9 0 0 0 86 0 0 0 0 0 0 89 1
1405 4 29 11 1 9 437 2 190 0 0 10 766 28 103 0 0 0 190 0 588 8 0 0 229 8 0 0 0 0 0 0 168 10 0 0 265 8 0 0 0 57 0 0 0 0 0 0 59 3
1381 27 78 10 2 42 444 2 146 0 0 11 752 25 104 0 0 0 147 0 586 7 0 0 170 6 0 0 0 0 0 0 166 11 0 0 266 8 0 0 0 86 0 0 0 0 0 0 87 2
208 5 18 3 0 6 53 0 96 0 0 1 87 5 22 0 0 0 96 0 217 4 0 0 107 2 0 0 0 0 0 0 27 3 0 0 154 2 0 0 0 24 0 0 0 0 0 0 25 0
221 2 15 2 0 3 52 0 94 0 0 2 85 5 25 0 0 0 95 0 227 5 0 0 107 2 0 0 0 0 0 0 33 9 0 0 131 3 0 0 0 21 0 0 0 0 0 0 21 1
209 3 15 8 0 9 50 1 101 0 0 7 81 7 30 0 0 0 102 0 246 3 0 0 124 1 0 0 0 0 0 0 27 2 0 0 149 4 0 0 0 21 0 0 0 0 0 0 21 1
220 4 19 4 1 4 41 1 96 0 0 2 92 5 27 0 0 0 96 0 250 11 0 0 108 2 0 0 0 0 0 0 28 9 0 0 134 3 0 0 0 25 0 0 0 0 0 0 25 0
209 3 17 4 0 9 40 0 52 0 0 3 86 10 41 0 0 0 53 0 252 2 0 0 90 3 0 0 0 0 0 0 31 3 0 0 163 4 0 0 0 22 0 0 0 0 0 0 22 1
220 3 20 7 0 7 50 0 101 0 0 2 85 5 23 0 0 0 101 0 231 4 0 0 122 3 0 0 0 0 0 0 35 4 0 0 161 5 0 0 0 26 0 0 0 0 0 0 26 2
