Linux 3.10.0-1160.el7.x86_64 (newmem2) 	2020年12月16日 	_x86_64_	(96 CPU)

Device:         rrqm/s   wrqm/s     r/s     w/s    rkB/s    wkB/s avgrq-sz avgqu-sz   await r_await w_await  svctm  %util
nvme0n1           0.00    13.60    0.00    0.69     0.06  3643.00 10534.37     0.03   48.61    0.03   48.79   0.04   0.00
nvme1n1           0.00     0.02    0.00    0.05     0.12     0.72    31.58     0.00    0.05    0.04    0.05   0.03   0.00
sda               0.00     1.17    0.04    3.36     1.83  1172.01   689.69     0.31   90.05    0.67   91.22   0.69   0.23
dm-0              0.00     0.00    0.04    4.42     1.72  1172.00   526.58     0.41   92.31    0.68   93.20   0.52   0.23
dm-1              0.00     0.00    0.00    0.00     0.01     0.00    51.82     0.00    0.39    0.40    0.00   0.21   0.00
dm-2              0.00     0.00    0.00    0.05     0.07     0.66    25.67     0.00    0.06    0.06    0.06   0.03   0.00
dm-3              0.00     0.00    0.00    7.25     0.01  1821.96   502.52     0.30   41.66    0.04   41.67   0.00   0.00

Device:         rrqm/s   wrqm/s     r/s     w/s    rkB/s    wkB/s avgrq-sz avgqu-sz   await r_await w_await  svctm  %util
nvme0n1           0.00     0.00    0.00    0.00     0.00     0.00     0.00     0.00    0.00    0.00    0.00   0.00   0.00
nvme1n1           0.00     0.00    0.00    0.00     0.00     0.00     0.00     0.00    0.00    0.00    0.00   0.00   0.00
sda               0.00     0.00    0.00    3.00     0.00    28.00    18.67     0.00    0.33    0.00    0.33   0.33   0.10
dm-0              0.00     0.00    0.00    2.00     0.00    28.00    28.00     0.00    0.50    0.00    0.50   0.50   0.10
dm-1              0.00     0.00    0.00    0.00     0.00     0.00     0.00     0.00    0.00    0.00    0.00   0.00   0.00
dm-2              0.00     0.00    0.00    0.00     0.00     0.00     0.00     0.00    0.00    0.00    0.00   0.00   0.00
dm-3              0.00     0.00    0.00    0.00     0.00     0.00     0.00     0.00    0.00    0.00    0.00   0.00   0.00

