Linux 3.10.0-1160.el7.x86_64 (newmem1) 	2020年12月16日 	_x86_64_	(96 CPU)

Device:         rrqm/s   wrqm/s     r/s     w/s    rkB/s    wkB/s avgrq-sz avgqu-sz   await r_await w_await  svctm  %util
nvme1n1           0.00     0.02    0.00    0.05     0.15     0.72    32.34     0.00    0.05    0.05    0.05   0.04   0.00
nvme0n1           0.00     7.01    0.00    0.24     0.09  1821.65 14703.28     0.01   49.27    0.03   49.96   0.05   0.00
sda               0.00     1.07    0.05    3.47     1.94  1168.39   665.27     0.30   86.67    0.57   87.95   0.66   0.23
dm-0              0.00     0.00    0.05    4.42     1.83  1168.38   523.11     0.39   87.74    0.57   88.71   0.52   0.23
dm-1              0.00     0.00    0.00    0.00     0.01     0.00    52.68     0.00    0.48    0.49    0.00   0.25   0.00
dm-5              0.00     0.00    0.00    0.05     0.10     0.67    26.39     0.00    0.06    0.09    0.06   0.03   0.00
dm-2              0.00     0.00    0.00    3.74     0.01   911.29   487.48     0.18   49.04    0.02   49.05   0.00   0.00

