1 0.00 0.57 0.02 1.98 0.89 570.09 570.06 0.15 74.04 0.66 74.85 0.57 0.11
2 0.00 0.00 0.00 3.00 0.00 44.00 29.33 0.00 0.00 0.00 0.00 0.00 0.00
3 0.00 0.00 0.00 0.00 0.00 0.00 0.00 0.00 0.00 0.00 0.00 0.00 0.00
4 0.00 0.00 0.00 0.00 0.00 0.00 0.00 0.00 0.00 0.00 0.00 0.00 0.00
5 0.00 0.00 0.00 0.00 0.00 0.00 0.00 0.00 0.00 0.00 0.00 0.00 0.00
6 0.00 0.00 0.00 0.00 0.00 0.00 0.00 0.00 0.00 0.00 0.00 0.00 0.00
7 0.00 0.00 0.00 0.00 0.00 0.00 0.00 0.00 0.00 0.00 0.00 0.00 0.00
8 0.00 0.00 0.00 0.00 0.00 0.00 0.00 0.00 0.00 0.00 0.00 0.00 0.00
9 0.00 3.00 0.00 23.00 0.00 236.00 20.52 0.01 0.43 0.00 0.43 0.04 0.10
10 0.00 0.00 0.00 10.00 0.00 84.00 16.80 0.00 0.20 0.00 0.20 0.20 0.20
11 0.00 0.00 0.00 8.00 0.00 88.00 22.00 0.00 0.00 0.00 0.00 0.00 0.00
12 0.00 0.00 0.00 2.00 0.00 8.00 8.00 0.00 0.00 0.00 0.00 0.00 0.00
13 0.00 0.00 0.00 0.00 0.00 0.00 0.00 0.00 0.00 0.00 0.00 0.00 0.00
14 0.00 0.00 0.00 0.00 0.00 0.00 0.00 0.00 0.00 0.00 0.00 0.00 0.00
15 0.00 0.00 0.00 0.00 0.00 0.00 0.00 0.00 0.00 0.00 0.00 0.00 0.00
16 0.00 0.00 0.00 0.00 0.00 0.00 0.00 0.00 0.00 0.00 0.00 0.00 0.00
17 0.00 0.00 0.00 3.00 0.00 48.00 32.00 0.00 0.00 0.00 0.00 0.00 0.00
18 0.00 0.00 0.00 14.00 0.00 204.00 29.14 0.01 0.36 0.00 0.36 0.07 0.10
19 0.00 0.00 0.00 0.00 0.00 0.00 0.00 0.00 0.00 0.00 0.00 0.00 0.00
20 0.00 0.00 0.00 0.00 0.00 0.00 0.00 0.00 0.00 0.00 0.00 0.00 0.00
21 0.00 0.00 0.00 0.00 0.00 0.00 0.00 0.00 0.00 0.00 0.00 0.00 0.00
22 0.00 0.00 0.00 3.00 0.00 28.00 18.67 0.00 0.00 0.00 0.00 0.00 0.00
23 0.00 0.00 0.00 0.00 0.00 0.00 0.00 0.00 0.00 0.00 0.00 0.00 0.00
24 0.00 0.00 0.00 92.00 0.00 1172.00 25.48 0.01 0.16 0.00 0.16 0.09 0.80
25 0.00 0.00 0.00 136.00 0.00 1744.00 25.65 0.01 0.07 0.00 0.07 0.05 0.70
26 0.00 0.00 0.00 82.00 0.00 1144.00 27.90 0.01 0.17 0.00 0.17 0.05 0.40
27 0.00 0.00 0.00 148.00 0.00 1920.00 25.95 0.02 0.14 0.00 0.14 0.05 0.70
28 0.00 0.00 0.00 118.00 0.00 1544.00 26.17 0.02 0.18 0.00 0.18 0.07 0.80
29 0.00 0.00 0.00 98.00 0.00 1424.00 29.06 0.02 0.22 0.00 0.22 0.04 0.40
30 0.00 0.00 0.00 178.00 0.00 2404.00 27.01 0.02 0.12 0.00 0.12 0.03 0.50
31 0.00 0.00 0.00 156.00 0.00 2248.00 28.82 0.03 0.20 0.00 0.20 0.07 1.10
32 0.00 0.00 0.00 119.00 0.00 2040.00 34.29 0.02 0.14 0.00 0.14 0.03 0.30
33 0.00 0.00 0.00 218.00 0.00 2972.00 27.27 0.04 0.20 0.00 0.20 0.05 1.10
34 0.00 0.00 0.00 170.00 0.00 2388.00 28.09 0.02 0.12 0.00 0.12 0.04 0.70
35 0.00 0.00 0.00 64.00 0.00 956.00 29.88 0.01 0.22 0.00 0.22 0.05 0.30
36 0.00 0.00 0.00 0.00 0.00 0.00 0.00 0.00 0.00 0.00 0.00 0.00 0.00
37 0.00 0.00 0.00 1.00 0.00 8.00 16.00 0.00 0.00 0.00 0.00 0.00 0.00
