1 0.00 0.01 0.07 0.11 1.84 1.58 38.04 0.00 0.79 0.38 1.07 0.11 0.00
2 0.00 0.00 0.00 3.00 0.00 28.00 18.67 0.00 0.00 0.00 0.00 0.00 0.00
3 0.00 0.00 0.00 0.00 0.00 0.00 0.00 0.00 0.00 0.00 0.00 0.00 0.00
4 0.00 0.00 0.00 0.00 0.00 0.00 0.00 0.00 0.00 0.00 0.00 0.00 0.00
5 0.00 0.00 0.00 3.00 0.00 28.00 18.67 0.00 0.33 0.00 0.33 0.33 0.10
6 0.00 0.00 0.00 0.00 0.00 0.00 0.00 0.00 0.00 0.00 0.00 0.00 0.00
7 0.00 0.00 0.00 0.00 0.00 0.00 0.00 0.00 0.00 0.00 0.00 0.00 0.00
8 0.00 0.00 0.00 0.00 0.00 0.00 0.00 0.00 0.00 0.00 0.00 0.00 0.00
9 0.00 0.00 0.00 0.00 0.00 0.00 0.00 0.00 0.00 0.00 0.00 0.00 0.00
10 0.00 0.00 0.00 16.00 0.00 124.00 15.50 0.00 0.19 0.00 0.19 0.19 0.30
11 0.00 0.00 0.00 4.00 0.00 44.00 22.00 0.00 0.00 0.00 0.00 0.00 0.00
12 0.00 0.00 0.00 3.00 0.00 40.00 26.67 0.00 0.00 0.00 0.00 0.00 0.00
13 0.00 0.00 0.00 12.00 0.00 120.00 20.00 0.00 0.25 0.00 0.25 0.25 0.30
14 0.00 0.00 0.00 0.00 0.00 0.00 0.00 0.00 0.00 0.00 0.00 0.00 0.00
15 0.00 0.00 0.00 0.00 0.00 0.00 0.00 0.00 0.00 0.00 0.00 0.00 0.00
16 0.00 0.00 3.00 0.00 24.00 0.00 16.00 0.00 1.00 1.00 0.00 0.33 0.10
17 0.00 0.00 0.00 4.00 0.00 44.00 22.00 0.00 0.00 0.00 0.00 0.00 0.00
18 0.00 0.00 0.00 0.00 0.00 0.00 0.00 0.00 0.00 0.00 0.00 0.00 0.00
19 0.00 14.00 0.00 48.00 0.00 888.00 37.00 0.01 0.23 0.00 0.23 0.02 0.10
20 0.00 0.00 1.00 0.00 4.00 0.00 8.00 0.00 0.00 0.00 0.00 0.00 0.00
21 0.00 0.00 0.00 0.00 0.00 0.00 0.00 0.00 0.00 0.00 0.00 0.00 0.00
22 0.00 0.00 0.00 1.00 0.00 4.00 8.00 0.00 0.00 0.00 0.00 0.00 0.00
23 0.00 0.00 735.00 0.00 9504.00 0.00 25.86 0.16 0.22 0.22 0.00 0.17 12.60
24 0.00 0.00 0.00 0.00 0.00 0.00 0.00 0.00 0.00 0.00 0.00 0.00 0.00
25 0.00 0.00 0.00 0.00 0.00 0.00 0.00 0.00 0.00 0.00 0.00 0.00 0.00
26 0.00 0.00 0.00 0.00 0.00 0.00 0.00 0.00 0.00 0.00 0.00 0.00 0.00
27 0.00 0.00 0.00 3.00 0.00 48.00 32.00 0.00 0.00 0.00 0.00 0.00 0.00
28 0.00 0.00 0.00 0.00 0.00 0.00 0.00 0.00 0.00 0.00 0.00 0.00 0.00
29 0.00 0.00 0.00 32.00 0.00 464.00 29.00 0.01 0.28 0.00 0.28 0.06 0.20
30 0.00 0.00 0.00 4.00 0.00 64.00 32.00 0.00 0.00 0.00 0.00 0.00 0.00
31 0.00 0.00 0.00 20.00 0.00 236.00 23.60 0.00 0.20 0.00 0.20 0.15 0.30
32 0.00 0.00 0.00 40.00 0.00 728.00 36.40 0.00 0.05 0.00 0.05 0.03 0.10
33 0.00 0.00 0.00 6.00 0.00 84.00 28.00 0.00 0.00 0.00 0.00 0.00 0.00
34 0.00 0.00 0.00 0.00 0.00 0.00 0.00 0.00 0.00 0.00 0.00 0.00 0.00
35 0.00 0.00 21.00 28.00 212.00 368.00 23.67 0.01 0.22 0.29 0.18 0.14 0.70
36 0.00 0.00 10.00 6.00 320.00 76.00 49.50 0.00 0.06 0.10 0.00 0.06 0.10
