0 0.02 0.00 0.02 0.00 0.00 0.00 0.00 0.00 0 0.00
1 0.01 0.00 0.01 0.00 0.00 0.00 0.00 0.00 0 0.00
2 0.02 0.00 0.03 0.00 0.00 0.00 0.00 0.00 0 0.00
3 0.10 0.00 0.06 0.00 0.00 0.00 0.00 0.00 0 0.00
4 0.02 0.00 0.01 0.00 0.00 0.00 0.00 0.00 0 0.00
5 0.02 0.00 0.02 0.00 0.00 0.00 0.00 0.00 0 0.00
6 0.02 0.00 0.01 0.00 0.00 0.00 0.00 0.00 0 0.00
7 31.01 0.00 3.79 0.00 0.00 0.00 0.00 0.00 0 0.00
8 31.92 0.00 4.73 0.00 0.00 0.00 0.00 0.00 0 0.00
9 29.69 0.00 4.16 0.00 0.00 0.00 0.00 0.00 0 0.00
10 28.51 0.00 3.89 0.00 0.00 0.01 0.00 0.00 0 0.00
11 28.45 0.00 5.27 0.00 0.00 0.00 0.00 0.00 0 0.00
12 29.34 0.00 4.68 0.00 0.00 0.00 0.00 0.00 0 0.00
13 34.14 0.00 5.44 0.00 0.00 0.01 0.00 0.00 0 0.00
14 33.45 0.00 4.66 0.00 0.00 0.00 0.00 0.00 0 0.00
15 27.23 0.00 3.87 0.00 0.00 0.00 0.00 0.00 0 0.00
16 25.41 0.00 4.20 0.00 0.00 0.00 0.00 0.00 0 0.00
17 28.71 0.00 5.29 0.00 0.00 0.03 0.00 0.00 0 0.00
18 38.53 0.00 4.54 0.00 0.00 0.01 0.00 0.00 0 0.00
19 36.08 0.00 4.43 0.00 0.00 0.01 0.00 0.00 0 0.00
20 26.57 0.00 3.74 0.00 0.00 0.01 0.00 0.00 0 0.00
21 26.42 0.00 4.30 0.08 0.00 0.00 0.00 0.00 0 0.00
22 29.07 0.00 4.87 0.00 0.00 0.02 0.00 0.00 0 0.00
23 34.30 0.00 4.80 0.00 0.00 0.00 0.00 0.00 0 0.00
24 34.91 0.00 4.57 0.00 0.00 0.01 0.00 0.00 0 0.00
25 30.78 0.00 4.17 0.00 0.00 0.01 0.00 0.00 0 0.00
26 25.37 0.00 3.90 0.00 0.00 0.01 0.00 0.00 0 0.00
27 26.81 0.00 4.90 0.00 0.00 0.01 0.00 0.00 0 0.00
28 32.12 0.00 4.23 0.00 0.00 0.01 0.00 0.00 0 0.00
29 33.99 0.00 4.46 0.00 0.00 0.02 0.00 0.00 0 0.00
30 28.76 0.00 4.24 0.00 0.00 0.01 0.00 0.00 0 0.00
31 29.21 0.00 4.20 0.00 0.00 0.01 0.00 0.00 0 0.00
32 30.52 0.00 4.65 0.04 0.00 0.02 0.00 0.00 0 0.00
33 35.18 0.00 4.59 0.00 0.00 0.02 0.00 0.00 0 0.00
