0 0.02 0.00 0.01 0.00 0.00 0.00 0.00 0.00 0 0.00
1 0.02 0.00 0.02 0.00 0.00 0.00 0.00 0.00 0 0.00
2 0.02 0.00 0.02 0.00 0.00 0.00 0.00 0.00 0 0.00
3 0.10 0.00 0.07 0.00 0.00 0.00 0.00 0.00 0 0.00
4 0.02 0.00 0.01 0.00 0.00 0.00 0.00 0.00 0 0.00
5 0.03 0.00 0.02 0.00 0.00 0.00 0.00 0.00 0 0.00
6 0.02 0.00 0.04 0.00 0.00 0.00 0.00 0.00 0 0.00
7 30.74 0.00 4.01 0.00 0.00 0.01 0.00 0.00 0 0.00
8 32.43 0.00 4.95 0.00 0.00 0.00 0.00 0.00 0 0.00
9 29.79 0.00 4.70 0.01 0.00 0.00 0.00 0.00 0 0.00
10 27.13 0.00 4.45 0.00 0.00 0.03 0.00 0.00 0 0.00
11 29.41 0.00 5.40 0.00 0.00 0.03 0.00 0.00 0 0.00
12 34.23 0.00 5.33 0.00 0.00 0.00 0.00 0.00 0 0.00
13 34.57 0.00 4.93 0.00 0.00 0.01 0.00 0.00 0 0.00
14 32.50 0.00 4.53 0.00 0.00 0.00 0.00 0.00 0 0.00
15 27.50 0.00 6.51 0.00 0.00 0.01 0.00 0.00 0 0.00
16 25.52 0.00 4.34 0.00 0.00 0.00 0.00 0.00 0 0.00
17 31.38 0.00 5.40 0.00 0.00 0.01 0.00 0.00 0 0.00
18 32.47 0.00 4.64 0.00 0.00 0.00 0.00 0.00 0 0.00
19 32.38 0.00 4.81 0.01 0.00 0.01 0.00 0.00 0 0.00
20 28.09 0.00 4.47 0.00 0.00 0.00 0.00 0.00 0 0.00
21 27.72 0.00 4.65 0.00 0.00 0.01 0.00 0.00 0 0.00
22 30.74 0.00 5.22 0.00 0.00 0.02 0.00 0.00 0 0.00
23 33.51 0.00 5.41 0.00 0.00 0.02 0.00 0.00 0 0.00
24 33.32 0.00 5.68 0.00 0.00 0.02 0.00 0.00 0 0.00
25 28.70 0.00 4.64 0.00 0.00 0.02 0.00 0.00 0 0.00
26 27.34 0.00 5.29 0.00 0.00 0.01 0.00 0.00 0 0.00
27 31.07 0.00 5.93 0.06 0.00 0.02 0.00 0.00 0 0.00
28 33.44 0.00 5.17 0.00 0.00 0.02 0.00 0.00 0 0.00
29 31.05 0.00 4.94 0.00 0.00 0.03 0.00 0.00 0 0.00
30 29.70 0.00 5.11 0.04 0.00 0.01 0.00 0.00 0 0.00
31 28.74 0.00 5.29 0.00 0.00 0.03 0.00 0.00 0 0.00
32 32.00 0.00 4.51 0.00 0.00 0.03 0.00 0.00 0 0.00
33 33.11 0.00 4.82 0.00 0.00 0.03 0.00 0.00 0 0.00
34 23.11 0.00 4.75 0.00 0.00 0.01 0.00 0.00 0 0.00
