0 5.47 5.33 0.00
1 5.06 5.50 0.00
2 5.02 6.03 0.00
3 7.22 78.89 0.00
4 4.96 5.33 0.00
5 4.93 5.91 0.00
6 0.41 0.85 0.00
7 63.53 44.59 0.00
8 58.31 146.39 0.00
9 65.74 91.65 0.00
10 46255.76 371.55 0.00
11 34042.56 357.91 0.00
12 88.69 88.75 0.00
13 73.85 156.54 0.00
14 60.79 88.98 0.00
15 68.60 90.87 0.00
16 109.90 107.44 0.00
17 415.48 320.64 0.00
18 64.33 155.80 0.00
19 145.46 127.83 0.00
20 305.88 218.49 0.00
21 440.57 276.21 0.00
22 2250.20 1415.90 0.00
23 2991.00 1855.81 0.00
24 2486.76 1570.83 0.00
25 3120.48 1964.06 0.00
26 3324.91 2160.47 0.00
27 3922.53 2494.22 0.00
28 4026.22 2649.58 0.00
29 4624.01 3351.23 0.00
30 4327.00 2661.87 0.00
31 4363.75 2858.44 0.00
32 4121.67 2988.51 0.00
33 1267.59 2192.54 0.00
34 512.03 374.51 0.00
