0 6.88 115.64 0.00
1 5.03 5.46 0.00
2 5.09 6.92 0.00
3 6.25 5.74 0.00
4 5.80 11.32 0.00
5 5.99 114.88 0.00
6 1.05 1.76 0.00
7 62.46 46.88 0.00
8 57.56 78.41 0.00
9 65.97 91.43 0.00
10 65.66 198.26 0.00
11 85.06 115.39 0.00
12 92.44 128.12 0.00
13 58.51 78.76 0.00
14 57.95 84.28 0.00
15 67.61 198.27 0.00
16 111.97 103.92 0.00
17 80207.22 574.55 0.00
18 89.32 83.98 0.00
19 106.65 115.65 0.00
20 68.54 205.69 0.00
21 128.77 137.70 0.00
22 358.68 440.08 0.00
23 435.94 464.61 0.00
24 460.72 369.08 0.00
25 553.11 453.05 0.00
26 632.34 377.06 0.00
27 762.21 484.88 0.00
28 818.16 455.87 0.00
29 1238.81 512.90 0.00
30 777.91 575.47 0.00
31 961.31 563.99 0.00
32 1197.45 475.78 0.00
33 2180.63 632.60 0.00
