0 0.29 0.77 0.00
1 0.99 1.29 0.00
2 0.97 1.28 0.00
3 9.39 9.85 0.00
4 6.46 73.48 0.00
5 0.98 1.28 0.00
6 4.83 5.25 0.00
7 5.00 6.00 0.00
8 0.97 1.28 0.00
9 1.45 68.40 0.00
10 4.94 5.77 0.00
11 5.01 7.10 0.00
12 0.41 0.77 0.00
13 0.53 1.29 0.00
14 5.70 74.74 0.00
15 0.30 0.77 0.00
16 8.56 7.65 0.00
17 5.06 5.93 0.00
18 234.40 18363.81 0.00
19 315.22 23416.37 0.00
20 672.57 43503.13 0.00
21 766.71 45209.47 0.00
22 833.01 47585.45 0.00
23 933.10 56358.26 0.00
24 927.40 54172.60 0.00
25 863.83 48167.53 0.00
26 769.49 43740.11 0.00
27 766.99 42925.63 0.00
28 674.14 39234.69 0.00
29 794.24 45302.25 0.00
30 859.07 51800.29 0.00
31 786.38 47538.83 0.00
32 872.30 48123.26 0.00
33 847.00 49816.00 0.00
34 848.13 50105.14 0.00
35 810.25 46891.91 0.00
36 771.51 44296.93 0.00
37 803.14 44550.76 0.00
38 889.62 50494.52 0.00
39 723.92 40339.35 0.00
40 815.72 46033.64 0.00
41 780.80 45277.64 0.00
42 861.26 49805.92 0.00
43 852.82 51025.37 0.00
44 914.56 53843.80 0.00
45 755.57 42894.21 0.00
46 851.15 48527.69 0.00
47 881.63 50124.68 0.00
48 956.30 55847.66 0.00
49 893.44 53925.23 0.00
50 974.44 57415.69 0.00
51 902.32 52741.15 0.00
52 933.86 54259.03 0.00
53 924.07 50804.43 0.00
54 850.59 47533.89 0.00
55 876.51 47960.86 0.00
56 887.65 52197.68 0.00
57 1020.09 60262.65 0.00
58 902.72 50925.00 0.00
59 838.84 47924.71 0.00
60 753.00 39352.18 0.00
61 911.08 50867.22 0.00
62 766.62 42100.29 0.00
63 838.92 47179.09 0.00
64 889.14 47067.52 0.00
65 810.62 44156.79 0.00
66 886.85 46426.37 0.00
67 878.13 48655.60 0.00
68 854.11 47543.48 0.00
69 910.89 51202.64 0.00
70 899.83 49884.32 0.00
71 966.57 55591.59 0.00
72 873.65 49998.81 0.00
73 781.55 42545.53 0.00
74 781.78 39926.45 0.00
75 805.80 45034.79 0.00
76 913.44 48344.87 0.00
77 698.60 38172.35 0.00
78 774.85 43137.12 0.00
79 993.87 59467.60 0.00
80 938.81 52100.70 0.00
81 951.92 56980.44 0.00
82 983.62 55721.73 0.00
83 769.61 42248.62 0.00
84 881.99 47670.60 0.00
85 993.95 57126.07 0.00
86 841.58 44999.74 0.00
87 876.60 47108.27 0.00
88 995.21 54170.08 0.00
89 914.73 50389.99 0.00
90 850.43 46296.67 0.00
91 1019.78 59177.21 0.00
92 911.91 51398.87 0.00
93 851.23 43789.27 0.00
94 927.80 51179.65 0.00
95 927.68 53119.43 0.00
96 1003.74 55527.43 0.00
97 896.49 48081.66 0.00
98 888.13 50200.19 0.00
99 913.91 50780.81 0.00
100 939.47 52439.48 0.00
101 959.72 55081.03 0.00
102 916.38 48126.27 0.00
103 884.61 45863.43 0.00
104 907.58 49151.69 0.00
105 943.51 51004.79 0.00
106 993.06 52603.30 0.00
107 969.80 52453.84 0.00
108 845.22 44937.12 0.00
109 813.09 49974.92 0.00
110 922.64 50468.54 0.00
111 910.02 48620.94 0.00
112 1074.14 61148.24 0.00
113 1075.62 56257.97 0.00
114 1079.54 60954.36 0.00
115 1087.31 58619.34 0.00
116 1024.83 56397.42 0.00
117 1153.81 66363.96 0.00
118 1128.91 59920.62 0.00
119 1073.91 61375.20 0.00
120 1095.53 59975.07 0.00
121 1068.53 58803.56 0.00
122 1182.41 64046.14 0.00
123 1076.02 59358.49 0.00
124 1241.78 71717.75 0.00
125 1092.49 63859.24 0.00
126 1233.64 68208.77 0.00
127 1272.82 69463.25 0.00
128 1266.28 73904.20 0.00
129 952.08 52745.70 0.00
130 1280.94 72446.68 0.00
131 1196.05 71486.56 0.00
132 1028.64 57954.39 0.00
133 1185.03 72016.72 0.00
134 1210.71 74484.55 0.00
135 1170.64 76474.78 0.00
136 1101.68 73053.88 0.00
137 1124.10 72421.50 0.00
138 984.59 69783.38 0.00
139 1091.99 74766.74 0.00
140 1109.97 76462.57 0.00
141 1085.51 76807.84 0.00
142 1142.83 78613.78 0.00
143 1079.73 77510.04 0.00
144 1024.53 73533.68 0.00
145 1063.33 69605.04 0.00
146 969.54 67913.92 0.00
147 1104.20 73537.97 0.00
148 1011.59 70866.30 0.00
149 1048.79 77871.08 0.00
150 848.03 59838.62 0.00
151 960.04 66300.39 0.00
152 938.69 62471.81 0.00
153 1004.52 69798.21 0.00
154 1118.76 77638.76 0.00
155 953.09 66017.51 0.00
156 970.55 70528.18 0.00
157 948.83 74394.72 0.00
158 1223.46 84772.36 0.00
159 1075.79 79319.57 0.00
160 990.99 77750.53 0.00
161 1003.91 76822.84 0.00
162 1095.26 85676.50 0.00
163 897.94 76696.08 0.00
164 652.20 79308.51 0.00
165 53.39 27409.19 0.00
166 138.98 76.41 0.00
