0 1.67 110.95 0.00
1 1.15 1.24 0.00
2 1.51 1.69 0.00
3 9.50 11.45 0.00
4 5.99 6.33 0.00
5 2.16 110.85 0.00
6 4.94 5.42 0.00
7 5.14 5.85 0.00
8 1.38 3.50 0.00
9 0.42 0.71 0.00
10 6.04 115.39 0.00
11 5.00 5.71 0.00
12 1.13 2.85 0.00
13 0.65 2.89 0.00
14 5.31 6.97 0.00
15 1.48 110.34 0.00
16 11.62 9.95 0.00
17 5.08 5.84 0.00
18 294.89 23783.12 0.00
19 428.02 32984.10 0.00
20 1048.04 65341.80 0.00
21 1186.24 72035.52 0.00
22 1314.67 72029.25 0.00
23 1162.51 66252.21 0.00
24 1217.25 67625.04 0.00
25 1361.81 78624.55 0.00
26 1325.64 76679.08 0.00
27 1392.93 83782.43 0.00
28 1363.02 82034.52 0.00
29 1363.44 81603.65 0.00
30 1231.71 74499.44 0.00
31 1241.35 74023.12 0.00
32 1351.54 78669.92 0.00
33 1225.77 72614.36 0.00
34 1309.80 76430.29 0.00
35 1366.87 79943.54 0.00
36 1304.72 78986.87 0.00
37 1360.51 82008.17 0.00
38 1297.72 76030.30 0.00
39 1402.15 86382.33 0.00
40 1334.84 77465.20 0.00
41 1355.61 81684.53 0.00
42 1332.90 77042.03 0.00
43 1257.80 71988.24 0.00
44 1308.73 73032.95 0.00
45 1405.84 83891.21 0.00
46 1262.35 76020.53 0.00
47 1312.11 76216.69 0.00
48 1235.83 71037.06 0.00
49 1199.37 69997.73 0.00
50 1193.12 69558.74 0.00
51 1292.51 73656.91 0.00
52 1213.90 69002.91 0.00
53 1334.41 75700.89 0.00
54 1413.58 79244.68 0.00
55 1453.88 78693.27 0.00
56 1274.82 72116.46 0.00
57 1208.84 66564.63 0.00
58 1410.66 75809.72 0.00
59 1303.08 76027.65 0.00
60 1515.92 87643.69 0.00
61 1352.31 75789.49 0.00
62 1405.36 82392.11 0.00
63 1376.69 79609.35 0.00
64 1440.33 79374.73 0.00
65 1383.42 79473.62 0.00
66 1434.97 80632.52 0.00
67 1407.89 77643.05 0.00
68 1353.97 76720.39 0.00
69 1352.37 75315.14 0.00
70 1413.49 76887.61 0.00
71 1289.05 71057.68 0.00
72 1365.10 74607.71 0.00
73 1474.98 83765.24 0.00
74 1592.08 86899.90 0.00
75 1395.96 79365.95 0.00
76 1372.36 78738.79 0.00
77 1530.00 88334.57 0.00
78 1449.76 81729.38 0.00
79 1218.71 67031.58 0.00
80 1287.70 74623.90 0.00
81 1267.48 68305.33 0.00
82 1275.13 70559.88 0.00
83 1444.70 84681.80 0.00
84 1328.75 77103.59 0.00
85 1230.38 69560.72 0.00
86 1391.13 81469.63 0.00
87 1339.12 79386.87 0.00
88 1227.41 69818.14 0.00
89 1330.23 76137.32 0.00
90 1372.48 80370.30 0.00
91 1172.52 65450.78 0.00
92 1334.59 75235.34 0.00
93 1417.49 82740.12 0.00
94 1321.85 74142.88 0.00
95 1332.64 73803.55 0.00
96 1208.59 70997.44 0.00
97 1310.38 75462.24 0.00
98 1338.48 76475.60 0.00
99 1334.35 75955.07 0.00
100 1275.10 72585.44 0.00
101 1231.75 71438.45 0.00
102 1400.41 78321.28 0.00
103 1476.93 81039.86 0.00
104 1318.46 75139.61 0.00
105 1360.69 75816.50 0.00
106 1348.34 73982.68 0.00
107 1260.64 72336.43 0.00
108 1400.06 80220.15 0.00
109 1252.55 74895.16 0.00
110 1339.14 74654.97 0.00
111 1356.86 77869.46 0.00
112 1198.34 65466.07 0.00
113 1234.72 67512.09 0.00
114 1211.48 65979.17 0.00
115 1198.33 68161.73 0.00
116 1143.85 67749.20 0.00
117 1070.53 60154.15 0.00
118 1152.97 66999.32 0.00
119 1050.38 59906.70 0.00
120 1194.96 66569.71 0.00
121 1208.79 68191.78 0.00
122 1134.25 62644.99 0.00
123 1099.69 63415.97 0.00
124 1003.23 54681.95 0.00
125 1081.86 62204.96 0.00
126 942.92 53884.55 0.00
127 1029.29 57101.05 0.00
128 973.57 52533.16 0.00
129 1202.67 69039.22 0.00
130 973.37 53691.51 0.00
131 944.86 54121.60 0.00
132 1060.16 64399.51 0.00
133 887.70 53229.50 0.00
134 866.91 50178.08 0.00
135 714.12 44064.61 0.00
136 788.22 50985.55 0.00
137 771.51 51664.42 0.00
138 722.44 50139.78 0.00
139 687.31 49012.71 0.00
140 669.71 47030.92 0.00
141 675.55 43513.27 0.00
142 719.26 44873.14 0.00
143 677.77 45968.74 0.00
144 730.09 49797.61 0.00
145 742.83 50465.10 0.00
146 824.29 55158.14 0.00
147 765.73 49901.60 0.00
148 723.60 49599.58 0.00
149 659.71 45451.88 0.00
150 853.25 63365.48 0.00
151 766.57 53370.35 0.00
152 798.06 61187.65 0.00
153 765.46 53703.05 0.00
154 684.41 43342.33 0.00
155 877.87 57428.16 0.00
156 758.57 52732.77 0.00
157 675.46 45207.52 0.00
158 593.60 38569.03 0.00
159 600.85 43580.63 0.00
160 584.88 42474.58 0.00
161 678.10 46204.31 0.00
162 506.21 36958.91 0.00
163 588.07 45263.80 0.00
164 289.04 37393.57 0.00
165 8.41 3845.27 0.00
