procs -----------memory---------- ---swap-- -----io---- -system-- ------cpu-----
 r  b   swpd   free   buff  cache   si   so    bi    bo   in   cs us sy id wa st
 3  0      0 118418160  10964 2447172    0    0     0     0    0    1  0  0 100  0  0
 0  0      0 118415696  10964 2447208    0    0     0     0 1744 2817  0  0 100  0  0
 0  0      0 118415576  10964 2447216    0    0     0    12 1452 2615  0  0 100  0  0
 0  0      0 118409560  17768 2447208    0    0  6804    12 3255 6055  0  0 100  0  0
 1  0      0 118409560  17768 2447212    0    0     0     0 1461 2526  0  0 100  0  0
 1  0      0 118409328  17768 2447976    0    0     0     0 1572 2745  0  0 100  0  0
 0  0      0 118409328  17768 2447976    0    0     0     0 1419 2553  0  0 100  0  0
 0  0      0 118409576  17768 2447996    0    0     0    12 1407 2615  0  0 100  0  0
 0  0      0 118409696  17768 2448000    0    0     0    84 1492 2514  0  0 100  0  0
 0  0      0 118409824  17788 2448004    0    0     4   324 1536 2748  0  0 100  0  0
 1  0      0 118410192  17788 2448012    0    0     0     0 1512 2709  0  0 100  0  0
 1  0      0 118308424  17960 2547140    0    0 105668     0 17045 4434  0  0 100  0  0
 1  0      0 118253392  18120 2607180    0    0 54688    16 23498 4998  0  0 100  0  0
 2  0      0 118206192  18196 2655012    0    0 47196    12 25901 5127  0  0 100  0  0
 1  0      0 118149992  18260 2712080    0    0 57248   320 23172 4811  0  0 100  0  0
 0  0      0 118110032  18296 2754432    0    0 42052     0 22898 4700  0  0 100  0  0
 0  0      0 118056560  18356 2808496    0    0 53936    68 26728 5082  0  0 100  0  0
 0  0      0 118006216  18400 2858780    0    0 49964    12 24671 5044  0  0 100  0  0
 1  0      0 117909024  18468 2934960    0    0 76484     0 30058 5429  1  0 99  0  0
 0  0      0 117864752  18520 2978524    0    0 43700     0 25051 4886  0  0 100  0  0
 0  0      0 117806160  18572 3038956    0    0 59572     0 26174 4991  0  0 100  0  0
procs -----------memory---------- ---swap-- -----io---- -system-- ------cpu-----
 r  b   swpd   free   buff  cache   si   so    bi    bo   in   cs us sy id wa st
 0  0      0 117776392  18628 3090128    0    0 51768     0 25449 5096  0  0 100  0  0
 0  0      0 117723256  18680 3143880    0    0 54196    12 26654 5036  0  0 100  0  0
 1  0      0 117684784  18712 3182888    0    0 37280     0 22193 4680  0  0 100  0  0
 0  0      0 117640424  18756 3226460    0    0 45228     0 20857 4342  0  0 100  0  0
 0  0      0 117600336  18800 3268604    0    0 41132     0 23251 4869  0  0 100  0  0
 0  0      0 117545312  18844 3325788    0    0 55724    16 25144 5060  0  0 100  0  0
 0  0      0 117496016  18900 3373860    0    0 49720    12 23876 4776  0  0 100  0  0
 0  0      0 117451160  18944 3418940    0    0 45356     0 22769 4700  0  0 100  0  0
 0  0      0 117412872  18980 3458240    0    0 39332     0 24054 4881  0  0 100  0  0
 0  0      0 117364256  19036 3507700    0    0 49592     0 22855 4534  0  0 100  0  0
 0  0      0 117305568  19088 3565536    0    0 57524     0 26749 5099  0  0 100  0  0
 0  0      0 117258560  19124 3615392    0    0 47780    12 24150 4782  0  0 100  0  0
 0  0      0 117205800  19188 3667972    0    0 53824   400 26863 5319  0  0 100  0  0
 0  0      0 117159536  19232 3714688    0    0 45868     0 22021 4651  0  0 100  0  0
 0  0      0 117112168  19272 3760520    0    0 47272     0 23543 4570  0  0 100  0  0
 1  0      0 117065296  19316 3808220    0    0 47532     0 24650 4840  0  0 100  0  0
 1  0      0 117015848  19368 3857776    0    0 49332    16 24013 4947  0  0 100  0  0
 1  0      0 116944336  19436 3930876    0    0 72004   108 30437 5582  0  0 100  0  0
 0  0      0 116898400  19476 3975680    0    0 45608   352 23784 4848  0  0 100  0  0
 0  0      0 116836880  19544 4037936    0    0 62020     0 25830 4990  0  0 100  0  0
 0  0      0 116785296  19596 4089996    0    0 52020     0 26615 5200  0  0 100  0  0
procs -----------memory---------- ---swap-- -----io---- -system-- ------cpu-----
 r  b   swpd   free   buff  cache   si   so    bi    bo   in   cs us sy id wa st
 0  0      0 116748256  19624 4127680    0    0 37020    16 20236 4356  0  0 100  0  0
 0  0      0 116693760  19680 4181768    0    0 53816    68 27288 5128  0  0 100  0  0
 0  0      0 116643008  19728 4232912    0    0 51504   192 25258 4896  0  0 100  0  0
 0  0      0 116574640  19800 4301288    0    0 67912     0 28329 5549  0  0 100  0  0
 0  0      0 116506096  19864 4369184    0    0 68288     0 29254 5414  0  0 100  0  0
 0  0      0 116451856  19924 4423864    0    0 53876    52 26412 5151  0  0 100  0  0
 1  0      0 116398904  19980 4476448    0    0 53764     0 24455 4909  0  0 100  0  0
 0  0      0 116362192  20012 4514140    0    0 37152     0 20334 4606  0  0 100  0  0
 0  0      0 116300160  20068 4576156    0    0 61624     0 27513 5151  0  0 100  0  0
 0  0      0 116248736  20120 4627100    0    0 51380     0 23532 4831  0  0 100  0  0
 0  0      0 116203592  20168 4673324    0    0 45824    12 24468 4974  0  0 100  0  0
 0  0      0 116122552  20244 4753220    0    0 80380     0 30466 5895  0  0 100  0  0
 0  0      0 116048528  20312 4827840    0    0 74292     0 29469 5520  0  0 100  0  0
 0  0      0 116000320  20360 4875244    0    0 47304     0 25362 4916  0  0 100  0  0
 0  0      0 115943136  20416 4933440    0    0 57768     0 25630 5007  0  0 100  0  0
 0  0      0 115897568  20460 4978172    0    0 45212    12 22372 5013  0  0 100  0  0
 0  0      0 115839384  20520 5036896    0    0 57404     0 25854 5232  0  0 100  0  0
 1  0      0 115769864  20584 5105996    0    0 69848     0 28034 5339  0  0 100  0  0
 2  0      0 115726072  20632 5150004    0    0 43796    12 26348 5116  0  0 100  0  0
 0  0      0 115666208  20696 5209584    0    0 59980     0 27464 5694  0  0 100  0  0
 0  0      0 115612864  20744 5263192    0    0 53388    12 19653 4761  0  0 100  0  0
procs -----------memory---------- ---swap-- -----io---- -system-- ------cpu-----
 r  b   swpd   free   buff  cache   si   so    bi    bo   in   cs us sy id wa st
 0  0      0 115565984  20792 5310040    0    0 46084    12 20414 4725  0  0 100  0  0
 0  0      0 115512064  20840 5363484    0    0 53660     0 24686 5639  0  0 100  0  0
 0  0      0 115461864  20896 5414624    0    0 51184     0 19501 5359  0  0 100  0  0
 0  0      0 115432112  20920 5444200    0    0 28728     0 9539 4213  0  0 100  0  0
 0  0      0 115432048  20928 5444208    0    0     0    40 1436 2587  0  0 100  0  0
 0  0      0 115399328  20964 5474992    0    0 32984   472 5499 3537  0  0 100  0  0
 0  0      0 115395680  20976 5479328    0    0  2108     0 2342 2918  0  0 100  0  0
 0  0      0 115395680  20976 5479348    0    0     0     0 1562 2586  0  0 100  0  0
 0  0      0 115388240  21024 5488324    0    0  8648     0 13811 4233  0  0 100  0  0
 0  0      0 115365328  21084 5510964    0    0 23356    12 21393 4914  0  0 100  0  0
 0  0      0 115338512  21136 5537496    0    0 26964    56 19788 5017  0  0 100  0  0
 0  0      0 115319584  21160 5556948    0    0 18816   132 21441 4736  0  0 100  0  0
 0  0      0 115290112  21192 5586692    0    0 29504     0 23317 5027  0  0 100  0  0
 1  0      0 115253480  21228 5623468    0    0 37380     0 23923 5132  0  0 100  0  0
 0  0      0 115220568  21256 5656928    0    0 33052    64 23491 5255  0  0 100  0  0
 1  0      0 115177120  21300 5700724    0    0 43308     0 25435 5295  0  0 100  0  0
 0  0      0 115154176  21324 5723764    0    0 22936     0 15849 4534  0  0 100  0  0
 0  0      0 115125776  21352 5751688    0    0 29084     0 23656 4972  0  0 100  0  0
 0  0      0 115094480  21372 5784196    0    0 30996     0 24290 5369  0  0 100  0  0
 0  0      0 115054240  21420 5823380    0    0 41392    12 25683 5153  0  0 100  0  0
 0  0      0 115030592  21436 5848844    0    0 22800     0 21698 4829  0  0 100  0  0
procs -----------memory---------- ---swap-- -----io---- -system-- ------cpu-----
 r  b   swpd   free   buff  cache   si   so    bi    bo   in   cs us sy id wa st
 1  0      0 115013952  21460 5864628    0    0 16536     0 21774 4703  0  0 100  0  0
 0  0      0 114984320  21492 5894604    0    0 31008     0 20582 4778  0  0 100  0  0
 0  0      0 114950624  21516 5928504    0    0 32920    16 21792 5077  0  0 100  0  0
 0  0      0 114928704  21544 5950912    0    0 22812    12 21231 4828  0  0 100  0  0
 0  0      0 114893616  21580 5984528    0    0 32804     0 23134 5026  0  0 100  0  0
 0  0      0 114872624  21592 6006324    0    0 23052     0 20636 4759  0  0 100  0  0
 0  0      0 114832944  21636 6046308    0    0 39084     0 25285 5266  0  0 100  0  0
 0  0      0 114795888  21664 6083260    0    0 36892     0 23476 4987  0  0 100  0  0
 0  0      0 114761048  21704 6118128    0    0 35240    12 24322 5082  0  0 100  0  0
 0  0      0 114725672  21740 6152852    0    0 35108    12 24960 5284  0  0 100  0  0
 0  0      0 114689216  21776 6189848    0    0 35620     0 23238 4949  0  0 100  0  0
 0  0      0 114657248  21804 6222156    0    0 32796     0 22928 4746  0  0 100  0  0
 0  0      0 114620768  21836 6259308    0    0 37280     0 23334 5017  0  0 100  0  0
 0  0      0 114603832  21852 6276540    0    0 16400    12 20606 4891  0  0 100  0  0
 0  0      0 114567200  21892 6312920    0    0 36904    72 25739 5208  0  0 100  0  0
 0  0      0 114538432  21920 6341952    0    0 28828     0 22753 4869  0  0 100  0  0
 1  0      0 114497176  21964 6382552    0    0 41772     0 27804 5170  0  0 100  0  0
 0  0      0 114459664  21988 6420412    0    0 37272     0 23173 5093  0  0 100  0  0
 2  0      0 114431368  22020 6448348    0    0 26784    16 22297 4976  0  0 100  0  0
 0  0      0 114399936  22052 6479900    0    0 33056   476 24206 5167  0  0 100  0  0
 0  0      0 114365584  22076 6514952    0    0 33048   124 20902 4623  0  0 100  0  0
procs -----------memory---------- ---swap-- -----io---- -system-- ------cpu-----
 r  b   swpd   free   buff  cache   si   so    bi    bo   in   cs us sy id wa st
 0  0      0 114331072  22120 6547996    0    0 34988     0 22213 4832  0  0 100  0  0
 0  0      0 114300160  22148 6579872    0    0 31000     0 23448 5001  0  0 100  0  0
 0  0      0 114272752  22176 6607656    0    0 26780    12 24505 5150  0  0 100  0  0
 0  0      0 114232208  22216 6647476    0    0 41204     0 25164 5302  0  0 100  0  0
 1  0      0 114204648  22240 6675860    0    0 26852     0 26136 5122  0  0 100  0  0
 0  0      0 114169584  22272 6709668    0    0 35256     0 26952 5122  0  0 100  0  0
 0  0      0 114134240  22304 6745876    0    0 34848     0 24401 5162  0  0 100  0  0
 0  0      0 114111920  22332 6768408    0    0 22940    12 23173 4833  0  0 100  0  0
 0  0      0 114084896  22356 6795996    0    0 26904     0 21801 4995  0  0 100  0  0
 0  0      0 114048592  22396 6831300    0    0 36904     0 23795 4936  0  0 100  0  0
 0  0      0 114025368  22416 6855760    0    0 22548     0 21155 5028  0  0 100  0  0
 0  0      0 113993216  22448 6887312    0    0 33028     0 23843 4955  0  0 100  0  0
 0  0      0 113958448  22472 6922224    0    0 33532    12 25832 5497  0  0 100  0  0
 0  0      0 113913992  22524 6965788    0    0 45336     8 25858 5334  0  0 100  0  0
 0  0      0 113876464  22560 7004804    0    0 36916     0 25778 5193  0  0 100  0  0
 0  0      0 113849888  22576 7030356    0    0 26640     0 24778 5317  0  0 100  0  0
 0  0      0 113812632  22616 7068368    0    0 37056     0 24641 5648  0  0 100  0  0
 0  0      0 113785008  22644 7095412    0    0 28700    16 19893 4977  0  0 100  0  0
 0  0      0 113769776  22656 7111532    0    0 14348    12 17694 4840  0  0 100  0  0
 1  0      0 113750032  22676 7131064    0    0 20500     0 16728 4747  0  0 100  0  0
 0  0      0 113741400  22688 7140052    0    0  8196    12 7309 4436  0  0 100  0  0
procs -----------memory---------- ---swap-- -----io---- -system-- ------cpu-----
 r  b   swpd   free   buff  cache   si   so    bi    bo   in   cs us sy id wa st
 0  0      0 113741520  22688 7140052    0    0     0     0 1438 2556  0  0 100  0  0
 0  0      0 113741456  22688 7140068    0    0     0    12 1416 2562  0  0 100  0  0
 0  0      0 113741456  22688 7140068    0    0     0    48 1460 2507  0  0 100  0  0
 0  0      0 113741600  22688 7140100    0    0     0     0 1585 2707  0  0 100  0  0
 0  0      0 113741600  22688 7140100    0    0     0     0 1479 2592  0  0 100  0  0
 0  0      0 113717008  22696 7164552    0    0     0     0 15920 13799  0  0 100  0  0
 0  0      0 113716416  22696 7164928    0    0     0    16 1438 2559  0  0 100  0  0
 0  0      0 113714688  22696 7166228    0    0     0    88 1554 2795  0  0 100  0  0
 0  0      0 113714560  22696 7166296    0    0     0 26012 1718 2499  0  0 100  0  0
 0  0      0 113629472  22796 7252884    0    0     4 25032 57716 42811  0  1 99  0  0
 0  0      0 113604376  22832 7276124    0    0     0     0 14473 10197  0  0 100  0  0
 0  0      0 113598200  22832 7277444    0    0     0    12 1610 2855  0  0 100  0  0
 0  0      0 113598200  22832 7277444    0    0     0   412 1472 2585  0  0 100  0  0
 0  0      0 113598200  22832 7277464    0    0     0     0 1415 2463  0  0 100  0  0
 1  0      0 113526832  22984 7348752    0    0     4 99368 63717 40239  0  1 99  0  0
 0  0      0 113406592  23116 7462700    0    0     4     0 96569 57393  0  1 99  0  0
 0  0      0 113290888  23308 7578660    0    0     4    12 101199 58991  0  1 99  0  0
 1  0      0 113174176  23500 7693876    0    0     8     0 98473 55456  0  1 99  0  0
 2  0      0 113056584  23656 7810744    0    0     4     0 102051 61396  1  1 99  0  0
 1  0      0 112936104  23792 7927176    0    0     4 574900 114139 59586  1  1 98  0  0
 1  0      0 112815056  23888 8040404    0    0     4    16 104331 60026  1  1 98  0  0
procs -----------memory---------- ---swap-- -----io---- -system-- ------cpu-----
 r  b   swpd   free   buff  cache   si   so    bi    bo   in   cs us sy id wa st
 0  0      0 112697856  24000 8155248    0    0     4    12 104410 63561  0  1 99  0  0
 1  0      0 112579160  24112 8272056    0    0     0     0 98030 58108  0  1 99  0  0
 1  0      0 112461960  24196 8389136    0    0     4     0 98771 61720  0  1 99  0  0
 1  0      0 112347152  24264 8503992    0    0     4 565000 106475 58569  0  1 99  0  0
 0  0      0 112261576  24360 8608124    0    0     4     0 77082 48345  0  1 99  0  0
 0  0      0 112222992  24396 8648100    0    0     0    12 31090 23217  0  0 99  0  0
 1  0      0 112108120  24460 8755540    0    0     4    12 87018 53647  0  1 99  0  0
 0  0      0 111996592  24536 8872024    0    0     4     0 97895 57863  0  1 99  0  0
 1  0      0 111870576  24616 8985780    0    0     8 469104 111481 59429  0  1 98  0  0
 0  0      0 111752592  24672 9104768    0    0     4     0 100095 60809  0  1 99  0  0
 0  0      0 111635288  24732 9219584    0    0     4    12 108744 67130  0  1 99  0  0
 1  0      0 111523600  24804 9334248    0    0     4    28 99293 59052  0  1 99  0  0
 1  0      0 111403760  24920 9454016    0    0     4     0 95843 63341  0  1 99  0  0
 1  0      0 111287520  25056 9568108    0    0     4 567020 110172 61618  1  1 98  0  0
 0  0      0 111173024  25116 9683432    0    0     4     0 102190 63628  0  1 99  0  0
 4  0      0 111056136  25176 9801780    0    0     4    16 102358 62677  0  1 99  0  0
 1  0      0 110939600  25240 9915944    0    0     4   112 102019 61395  0  1 99  0  0
 0  0      0 110823984  25352 10032888    0    0     0   120 109574 66282  0  1 99  0  0
 1  0      0 110706304  25464 10150124    0    0     4 557980 117841 67401  0  1 99  0  0
 0  0      0 110592144  25572 10263452    0    0     4     0 105169 64567  0  1 99  0  0
 0  0      0 110491256  25676 10365452    0    0     4    12 92521 53336  0  1 99  0  0
procs -----------memory---------- ---swap-- -----io---- -system-- ------cpu-----
 r  b   swpd   free   buff  cache   si   so    bi    bo   in   cs us sy id wa st
 0  0      0 110482880  25676 10372652    0    0     0     0 2111 2909  0  0 100  0  0
 1  0      0 110476384  25688 10380276    0    0     0     0 10894 8570  0  0 100  0  0
 2  0      0 110365472  25812 10492620    0    0     4 336984 103359 59183  0  1 99  0  0
 0  0      0 110246928  25924 10608796    0    0     4     0 108995 66094  0  1 99  0  0
 3  0      0 110131304  26012 10720784    0    0     4    12 108207 62638  0  1 99  0  0
 0  0      0 110015152  26076 10841408    0    0     4   412 104174 62437  0  1 99  0  0
 2  0      0 109898240  26136 10955176    0    0     4     0 111299 70046  0  1 99  0  0
 1  0      0 109778968  26216 11070388    0    0     4 564256 116851 68198  0  1 99  0  0
 0  0      0 109667968  26292 11186012    0    0     8     0 105018 61473  0  1 99  0  0
 1  0      0 109548528  26348 11304052    0    0     0    12 108273 69585  0  1 99  0  0
 0  0      0 109429392  26464 11422076    0    0     4     0 109054 70826  0  1 99  0  0
 0  0      0 109314576  26560 11538556    0    0     4     0 106588 67844  0  1 99  0  0
 2  0      0 109197288  26668 11657156    0    0     4 575460 115755 67722  0  1 99  0  0
 0  0      0 109080800  26780 11774460    0    0     4     0 106911 66547  0  1 99  0  0
 0  0      0 108963936  26908 11892180    0    0     4    12 107392 67110  0  1 99  0  0
 0  0      0 108847888  27016 12005816    0    0     4    12 103112 66239  0  1 99  0  0
 0  0      0 108732688  27132 12123072    0    0     4     0 107379 67025  0  1 99  0  0
 1  0      0 108626008  27256 12228392    0    0     4 564116 101119 57097  0  1 99  0  0
 3  0      0 108506032  27348 12343172    0    0     0     0 106384 68649  0  1 99  0  0
 0  0      0 108387088  27472 12461352    0    0     4    12 106301 65773  0  1 99  0  0
 2  0      0 108269344  27596 12579556    0    0     4    28 107066 63873  0  1 99  0  0
procs -----------memory---------- ---swap-- -----io---- -system-- ------cpu-----
 r  b   swpd   free   buff  cache   si   so    bi    bo   in   cs us sy id wa st
 1  0      0 108154840  27712 12695632    0    0     4     0 103642 67602  0  1 99  0  0
 0  0      0 108038256  27832 12810808    0    0     8 562020 106206 63330  0  1 99  0  0
 2  0      0 107917008  27940 12929676    0    0     4     0 95395 65146  0  1 99  0  0
 0  0      0 107802368  28056 13047612    0    0     4    12 89771 59545  0  1 99  0  0
 1  0      0 107685584  28168 13164532    0    0     4   100 86093 54483  0  1 99  0  0
 1  0      0 107569576  28288 13281068    0    0     4    64 76253 45519  0  1 99  0  0
 0  0      0 107454192  28436 13396556    0    0     4 567684 72473 40617  0  1 99  0  0
 2  0      0 107333632  28564 13515764    0    0     0     0 38406 27149  0  1 99  0  0
 0  0      0 107324080  28568 13524892    0    0     0    12 4533 4398  0  0 100  0  0
 0  0      0 107323960  28568 13524908    0    0     0    60 1346 2511  0  0 100  0  0
