procs -----------memory---------- ---swap-- -----io---- -system-- ------cpu-----
 r  b   swpd   free   buff  cache   si   so    bi    bo   in   cs us sy id wa st
 3  0      0 308048992 218536 188455616    0    0     0    13    0    0  0  0 100  0  0
 0  0      0 311293216 218536 185211008    0    0     0     0 24085 2992  0  1 99  0  0
 0  0      0 311293472 218536 185211008    0    0     0     0 1325 2423  0  0 100  0  0
 0  0      0 311293472 218536 185211008    0    0     0   248 1436 2528  0  0 100  0  0
 0  0      0 311293472 218536 185211008    0    0     0     0 1540 2796  0  0 100  0  0
 0  0      0 311291424 218536 185211008    0    0     0   340 1417 2552  0  0 100  0  0
 0  0      0 311291424 218536 185211008    0    0     0     0 1340 2461  0  0 100  0  0
 0  0      0 311291424 218536 185211008    0    0     0     0 1355 2461  0  0 100  0  0
 1  0      0 311291456 218536 185211008    0    0     0     0 1602 2786  0  0 100  0  0
 1  0      0 311292832 218536 185210496    0    0     0     0 1446 2702  0  0 100  0  0
 1  0      0 311292928 218536 185210496    0    0     0    12 1508 2791  0  0 100  0  0
 1  0      0 311292352 218536 185210512    0    0     0     0 17300 4374  0  0 100  0  0
 0  0      0 311292640 218536 185210512    0    0     0     0 29473 5510  0  0 100  0  0
 0  0      0 311292512 218536 185210512    0    0     0     0 23830 4603  0  0 100  0  0
 0  0      0 311292864 218536 185210544    0    0     0     0 29364 5394  0  0 100  0  0
 0  0      0 311293952 218536 185210544    0    0     0    12 28289 5146  0  0 100  0  0
 0  0      0 311295008 218540 185210560    0    0     0    68 26972 5303  0  0 100  0  0
 0  0      0 311295136 218540 185210560    0    0     0     0 29115 5188  0  0 100  0  0
 0  0      0 311295648 218540 185210592    0    0     0    24 22018 4524  0  0 100  0  0
 0  0      0 311296352 218540 185210592    0    0     0     0 29472 5286  0  0 100  0  0
 0  0      0 311297408 218540 185210608    0    0     0    12 26758 5283  0  0 100  0  0
procs -----------memory---------- ---swap-- -----io---- -system-- ------cpu-----
 r  b   swpd   free   buff  cache   si   so    bi    bo   in   cs us sy id wa st
 0  0      0 311298208 218540 185210624    0    0     0     0 26469 4856  0  0 100  0  0
 0  0      0 311298208 218540 185210624    0    0     0     0 28914 5093  0  0 100  0  0
 0  0      0 311298528 218540 185210640    0    0     0    28 30651 5557  0  0 100  0  0
 0  0      0 311299392 218540 185210656    0    0     0     0 28843 5437  0  0 100  0  0
 0  0      0 311299520 218540 185210656    0    0     0    12 30883 5426  0  0 100  0  0
 0  0      0 311300544 218540 185210672    0    0     0   364 28002 5118  0  0 100  0  0
 1  0      0 311300896 218540 185210688    0    0     0     0 29624 5298  0  0 100  0  0
 0  0      0 311301056 218540 185210688    0    0     0    12 31687 5738  0  0 100  0  0
 0  0      0 311301728 218540 185210704    0    0     0     0 29749 5469  0  0 100  0  0
 0  0      0 311301728 218540 185210704    0    0     0    12 26526 4993  0  0 100  0  0
 0  0      0 311302272 218540 185210720    0    0     0     0 27204 5064  0  0 100  0  0
 0  0      0 311302688 218540 185210736    0    0     0     0 29046 5406  0  0 100  0  0
 1  0      0 311303328 218540 185210752    0    0     0   672 27943 5066  0  0 100  0  0
 1  0      0 311303456 218540 185210752    0    0     0     0 31981 5549  0  0 100  0  0
 2  0      0 311303616 218540 185210784    0    0     0    12 28239 5082  0  0 100  0  0
 2  0      0 311304352 218540 185210784    0    0     0     0 28663 5467  0  0 100  0  0
 0  0      0 311304736 218540 185210800    0    0     0     0 29573 5350  0  0 100  0  0
 1  0      0 311304576 218540 185210816    0    0     0     0 21102 4535  0  0 100  0  0
 0  0      0 311304768 218540 185210816    0    0     0     0 28945 5296  0  0 100  0  0
 0  0      0 311305024 218540 185210832    0    0     0    12 26359 5290  0  0 100  0  0
 0  0      0 311305024 218540 185210832    0    0     0     0 29209 5103  0  0 100  0  0
procs -----------memory---------- ---swap-- -----io---- -system-- ------cpu-----
 r  b   swpd   free   buff  cache   si   so    bi    bo   in   cs us sy id wa st
 0  0      0 311305024 218540 185210832    0    0     0     0 31118 5200  0  0 100  0  0
 0  0      0 311305216 218540 185210864    0    0     0     0 28058 5121  0  0 100  0  0
 0  0      0 311305088 218540 185210880    0    0     0     0 28744 5487  0  0 100  0  0
 0  0      0 311305152 218540 185210880    0    0     0    12 23310 4798  0  0 100  0  0
 0  0      0 311305088 218540 185210896    0    0     0     0 24901 4832  0  0 100  0  0
 0  0      0 311305280 218552 185210912    0    0     0    40 26863 5015  0  0 100  0  0
 0  0      0 311305280 218552 185210928    0    0     0    36 29438 5418  0  0 100  0  0
 0  0      0 311305344 218552 185210944    0    0     0     0 31368 5502  0  0 100  0  0
 0  0      0 311305344 218552 185210944    0    0     0    12 25833 5010  0  0 100  0  0
 0  0      0 311305472 218552 185210944    0    0     0     0 30078 5252  0  0 100  0  0
 0  0      0 311305536 218552 185210976    0    0     0     0 28214 5291  0  0 100  0  0
 0  0      0 311305536 218552 185210976    0    0     0    32 21876 4443  0  0 100  0  0
 0  0      0 311305792 218552 185211008    0    0     0    16 22752 4679  0  0 100  0  0
 2  0      0 311305792 218552 185211008    0    0     0    12 26132 5124  0  0 100  0  0
 0  0      0 311305920 218552 185211008    0    0     0     0 24934 4845  0  0 100  0  0
 0  0      0 311306112 218552 185211024    0    0     0     0 28559 5302  0  0 100  0  0
 0  0      0 311306048 218552 185211040    0    0     0    12 24873 4927  0  0 100  0  0
 1  0      0 311305952 218552 185211056    0    0     0     0 24053 4801  0  0 100  0  0
 0  0      0 311305984 218552 185211056    0    0     0    12 25838 5159  0  0 100  0  0
 0  0      0 311306208 218556 185211072    0    0     0    12 22675 4609  0  0 100  0  0
 0  0      0 311306208 218556 185211072    0    0     0     0 26786 5245  0  0 100  0  0
procs -----------memory---------- ---swap-- -----io---- -system-- ------cpu-----
 r  b   swpd   free   buff  cache   si   so    bi    bo   in   cs us sy id wa st
 0  0      0 311306688 218556 185211104    0    0     0   280 23376 4928  0  0 100  0  0
 0  0      0 311306048 218556 185211104    0    0     0     0 21633 5533  0  0 100  0  0
 0  0      0 311306752 218556 185211136    0    0     0    12 19443 5003  0  0 100  0  0
 0  0      0 311307872 218556 185211168    0    0     0     0 10777 4242  0  0 100  0  0
 0  0      0 311307872 218556 185211168    0    0     0     0 1385 2452  0  0 100  0  0
 0  0      0 311307840 218556 185211168    0    0     0   412 5849 3775  0  0 100  0  0
 0  0      0 311307840 218556 185211168    0    0     0    40 3104 3090  0  0 100  0  0
 0  0      0 311306784 218556 185211200    0    0     0    16 1522 2593  0  0 100  0  0
 0  0      0 311307136 218556 185211216    0    0     0     0 17401 3996  0  0 100  0  0
 1  0      0 311307232 218556 185211216    0    0     0     0 31491 5318  0  0 100  0  0
 0  0      0 311307456 218556 185211232    0    0     0     0 32444 5419  0  0 100  0  0
 0  0      0 311307648 218556 185211248    0    0     0     0 32491 5406  0  0 100  0  0
 0  0      0 311307648 218556 185211248    0    0     0    12 29410 5073  0  0 100  0  0
 0  0      0 311307840 218556 185211248    0    0     0     0 29012 5216  0  0 100  0  0
 0  0      0 311308320 218556 185211280    0    0     0    60 29569 5004  0  0 100  0  0
 0  0      0 311308192 218556 185211296    0    0     0    24 25882 4904  0  0 100  0  0
 0  0      0 311308608 218556 185211296    0    0     0     0 15909 4243  0  0 100  0  0
 1  0      0 311309152 218556 185211312    0    0     0    12 25994 4701  0  0 100  0  0
 0  0      0 311309632 218556 185211328    0    0     0     0 27855 4995  0  0 100  0  0
 0  0      0 311309600 218556 185211328    0    0     0     0 27018 4865  0  0 100  0  0
 0  0      0 311309696 218556 185211344    0    0     0    28 30539 5322  0  0 100  0  0
procs -----------memory---------- ---swap-- -----io---- -system-- ------cpu-----
 r  b   swpd   free   buff  cache   si   so    bi    bo   in   cs us sy id wa st
 0  0      0 311309760 218556 185211344    0    0     0     0 31301 5631  0  0 100  0  0
 0  0      0 311309952 218556 185211376    0    0     0    16 32003 5525  0  0 100  0  0
 0  0      0 311310144 218556 185211392    0    0     0     0 28680 5090  0  0 100  0  0
 0  0      0 311310176 218556 185211392    0    0     0     0 30528 5230  0  0 100  0  0
 0  0      0 311310752 218556 185211408    0    0     0    12 29737 5504  0  0 100  0  0
 1  0      0 311310208 218556 185211424    0    0     0     0 31111 5579  0  0 100  0  0
 0  0      0 311309856 218556 185211424    0    0     0    12 25552 4822  0  0 100  0  0
 1  0      0 311309856 218556 185211424    0    0     0     0 28539 5121  0  0 100  0  0
 2  0      0 311309920 218556 185211440    0    0     0     0 27881 5177  0  0 100  0  0
 0  0      0 311310112 218556 185211456    0    0     0   244 28146 5189  0  0 100  0  0
 0  0      0 311310112 218556 185211456    0    0     0     0 29232 5226  0  0 100  0  0
 0  0      0 311310144 218556 185211488    0    0     0    12 26319 4857  0  0 100  0  0
 0  0      0 311310464 218556 185211488    0    0     0     0 28726 5379  0  0 100  0  0
 0  0      0 311310432 218556 185211504    0    0     0     0 30280 5376  0  0 100  0  0
 1  0      0 311310752 218556 185211520    0    0     0    40 27000 5000  0  0 100  0  0
 0  0      0 311310752 218556 185211520    0    0     0     0 29619 5280  0  0 100  0  0
 0  0      0 311310720 218556 185211536    0    0     0    16 25847 5154  0  0 100  0  0
 0  0      0 311310720 218556 185211536    0    0     0     0 28680 5163  0  0 100  0  0
 0  0      0 311310848 218556 185211568    0    0     0     0 28760 5105  0  0 100  0  0
 1  0      0 311310560 218556 185211568    0    0     0   412 27389 5038  0  0 100  0  0
 0  0      0 311310912 218556 185211584    0    0     0     0 30800 5787  0  0 100  0  0
procs -----------memory---------- ---swap-- -----io---- -system-- ------cpu-----
 r  b   swpd   free   buff  cache   si   so    bi    bo   in   cs us sy id wa st
 0  0      0 311310912 218556 185211584    0    0     0    16 30830 5399  0  0 100  0  0
 0  0      0 311311072 218556 185211600    0    0     0     0 27334 5169  0  0 100  0  0
 0  0      0 311311232 218556 185211600    0    0     0     0 26424 4857  0  0 100  0  0
 0  0      0 311311200 218556 185211632    0    0     0    36 25308 5192  0  0 100  0  0
 0  0      0 311311264 218556 185211632    0    0     0     0 28626 5267  0  0 100  0  0
 0  0      0 311311232 218556 185211648    0    0     0    12 25125 4903  0  0 100  0  0
 0  0      0 311311232 218556 185211648    0    0     0     0 27941 5141  0  0 100  0  0
 0  0      0 311311296 218556 185211680    0    0     0     0 29539 5380  0  0 100  0  0
 0  0      0 311311296 218556 185211680    0    0     0    20 29049 5320  0  0 100  0  0
 0  0      0 311311808 218556 185211696    0    0     0    16 26988 5283  0  0 100  0  0
 0  0      0 311311904 218556 185211712    0    0     0    12 28868 5326  0  0 100  0  0
 0  0      0 311311904 218556 185211712    0    0     0     0 27046 5307  0  0 100  0  0
 0  0      0 311312160 218556 185211728    0    0     0     0 25216 4887  0  0 100  0  0
 1  0      0 311312384 218556 185211744    0    0     0    12 24570 4852  0  0 100  0  0
 0  0      0 311312384 218556 185211744    0    0     0     0 23570 5003  0  0 100  0  0
 0  0      0 311312512 218556 185211760    0    0     0    12 24158 5042  0  0 100  0  0
 0  0      0 311312608 218556 185211776    0    0     0     0 21151 4672  0  0 100  0  0
 0  0      0 311312704 218556 185211792    0    0     0     0 23585 5009  0  0 100  0  0
 0  0      0 311312704 218556 185211792    0    0     0   216 24104 5246  0  0 100  0  0
 0  0      0 311312992 218556 185211808    0    0     0     0 22384 5540  0  0 100  0  0
 0  0      0 311313152 218560 185211824    0    0     0    28 12663 4687  0  0 100  0  0
procs -----------memory---------- ---swap-- -----io---- -system-- ------cpu-----
 r  b   swpd   free   buff  cache   si   so    bi    bo   in   cs us sy id wa st
 0  0      0 311313152 218560 185211824    0    0     0     0 1430 2505  0  0 100  0  0
 0  0      0 311313152 218560 185211824    0    0     0     0 1405 2496  0  0 100  0  0
 0  0      0 311313152 218560 185211824    0    0     0     0 1577 2737  0  0 100  0  0
 0  0      0 311313600 218560 185211872    0    0     0     0 1473 2690  0  0 100  0  0
 0  0      0 311313600 218560 185211872    0    0     0    12 1446 2579  0  0 100  0  0
 0  0      0 311295072 218604 185235168    0    0     0    44 19851 15692  0  0 99  0  0
 0  0      0 311295072 218604 185235168    0    0     0     0 1504 2607  0  0 100  0  0
 0  0      0 311290944 218604 185237824    0    0     0     0 1449 2610  0  0 100  0  0
 0  0      0 311290944 218604 185237824    0    0     0 25912 1660 2594  0  0 100  0  0
 1  0      0 311201152 218688 185322448    0    0     4    16 80280 56228  1  1 98  0  0
 0  0      0 311182912 218712 185340768    0    0     0     0 16907 12173  0  0 100  0  0
 0  0      0 311181728 218720 185341232    0    0     0 108080 2322 2437  0  0 100  0  0
 0  0      0 311181152 218720 185341168    0    0     0   448 1461 2511  0  0 100  0  0
 0  0      0 311177664 218720 185345600    0    0     0     0 1441 2701  0  0 100  0  0
 0  0      0 311095840 218732 185423616    0    0     4    16 77686 57407  0  1 99  0  0
 1  0      0 310982016 218796 185534080    0    0     4     0 105530 64596  1  1 98  0  0
 2  0      0 310865344 218868 185648608    0    0     4     0 114753 70699  0  1 99  0  0
 1  0      0 310748224 218940 185761344    0    0     8    44 123860 73285  0  1 99  0  0
 1  0      0 310633600 218964 185882976    0    0     4     0 124984 73642  1  1 99  0  0
 1  0      0 310513856 219016 186000000    0    0     4 575696 133895 73020  1  1 98  0  0
 1  0      0 310396384 219028 186110528    0    0     4     0 119290 72761  0  1 99  0  0
procs -----------memory---------- ---swap-- -----io---- -system-- ------cpu-----
 r  b   swpd   free   buff  cache   si   so    bi    bo   in   cs us sy id wa st
 1  0      0 310279712 219068 186231328    0    0     4     0 120632 70819  0  1 99  0  0
 1  0      0 310161504 219152 186343056    0    0     0    12 122681 73343  0  1 99  0  0
 0  0      0 310046368 219252 186460752    0    0     4     0 117601 71328  0  1 99  0  0
 1  0      0 309915904 219352 186571520    0    0     4 573380 125393 69595  0  1 98  0  0
 0  0      0 309820992 219440 186671104    0    0     4     0 97993 58860  0  1 99  0  0
 2  0      0 309784448 219476 186714128    0    0     0     0 41974 29994  0  0 99  0  0
 4  0      0 309668064 219568 186826432    0    0     4   200 116663 65345  0  1 99  0  0
 0  0      0 309557088 219688 186939856    0    0     4     0 125249 73129  0  1 99  0  0
 1  0      0 309439552 219768 187052192    0    0     4 462768 131944 70635  0  1 99  0  0
 1  0      0 309321920 219844 187178320    0    0     4     0 129420 73704  0  1 99  0  0
 0  0      0 309209792 219900 187284288    0    0     4     0 125515 72019  0  1 99  0  0
 1  0      0 309087936 219972 187402784    0    0     4     0 127466 78009  0  1 99  0  0
 1  0      0 308974368 220032 187517776    0    0     4     0 122868 71681  0  1 99  0  0
 0  0      0 308856800 220112 187635040    0    0     0 563860 133242 73852  1  1 98  0  0
 1  0      0 308739680 220180 187752272    0    0     4     0 129401 77004  0  1 99  0  0
 1  0      0 308624800 220272 187866832    0    0     8     0 127309 75255  0  1 99  0  0
 1  0      0 308511232 220288 187982112    0    0     0    20 119494 70537  0  1 99  0  0
 2  0      0 308395008 220328 188100032    0    0     4     0 129832 78438  0  1 99  0  0
 2  0      0 308271968 220364 188221440    0    0     4 565972 132253 73518  0  1 99  0  0
 1  0      0 308163776 220376 188326704    0    0     4     0 125752 75356  0  1 99  0  0
 0  0      0 308061824 220424 188431760    0    0     4     0 104196 60028  0  1 99  0  0
procs -----------memory---------- ---swap-- -----io---- -system-- ------cpu-----
 r  b   swpd   free   buff  cache   si   so    bi    bo   in   cs us sy id wa st
 0  0      0 308059680 220424 188438080    0    0     0    32 1965 2755  0  0 100  0  0
 0  0      0 308051392 220428 188444096    0    0     0     0 14286 11426  0  0 100  0  0
 1  0      0 307934272 220532 188558048    0    0     4 333356 122256 73842  0  1 99  0  0
 1  0      0 307823552 220624 188670784    0    0     4     0 127029 73055  0  1 99  0  0
 0  0      0 307701152 220668 188789152    0    0     4     0 131395 79826  0  1 99  0  0
 3  0      0 307587104 220712 188905760    0    0     4   420 132418 78159  0  1 99  0  0
 0  0      0 307473792 220764 189021024    0    0     0    20 131324 76594  0  1 99  0  0
 2  0      0 307357440 220840 189134192    0    0     4 570440 137217 76729  0  1 99  0  0
 0  0      0 307225440 220900 189254064    0    0     4     0 136226 80189  0  1 98  0  0
 2  0      0 307115552 220964 189369056    0    0     4     0 127672 74947  0  1 99  0  0
 1  0      0 306995648 221024 189486384    0    0     4    36 126487 80184  0  1 99  0  0
 5  0      0 306878208 221072 189597536    0    0     4     0 118314 74027  0  1 99  0  0
 2  0      0 306764928 221124 189716352    0    0     4 571320 127408 73960  0  1 99  0  0
 1  0      0 306650144 221228 189831104    0    0     4     0 112895 67937  0  1 99  0  0
 0  0      0 306535488 221332 189950048    0    0     4     0 120546 74222  0  1 99  0  0
 0  0      0 306418048 221376 190064304    0    0     0   224 120619 72219  0  1 99  0  0
 1  0      0 306299488 221396 190187792    0    0     4     0 116929 74996  0  1 99  0  0
 1  0      0 306199520 221484 190292608    0    0     4 558432 108196 67815  0  1 99  0  0
 2  0      0 306082624 221580 190406112    0    0     4     0 102971 69097  0  1 99  0  0
 2  0      0 305967040 221700 190521792    0    0     4     0 100958 67378  0  1 99  0  0
 1  0      0 305847488 221820 190638464    0    0     4     0 106137 70582  0  1 99  0  0
procs -----------memory---------- ---swap-- -----io---- -system-- ------cpu-----
 r  b   swpd   free   buff  cache   si   so    bi    bo   in   cs us sy id wa st
 3  0      0 305726304 221920 190752352    0    0     4     0 107553 71538  0  1 99  0  0
 1  0      0 305606400 222032 190875248    0    0     4 564152 112851 69929  0  1 99  0  0
 1  0      0 305492704 222136 190987568    0    0     4     0 103922 68212  0  1 99  0  0
 0  0      0 305376544 222212 191109648    0    0     4     0 102813 64098  0  1 99  0  0
 2  0      0 305259712 222264 191217840    0    0     4     4 106293 69117  0  1 99  0  0
 2  0      0 305142080 222312 191339760    0    0     0     0 91208 59291  0  1 99  0  0
 0  0      0 305027840 222360 191451024    0    0     4 571280 82419 50942  0  1 99  0  0
 0  0      0 304915840 222428 191573440    0    0     4     0 37680 30460  0  1 99  0  0
 0  0      0 304909024 222428 191579456    0    0     0     0 2790 3675  0  0 100  0  0
 0  0      0 304908832 222428 191579712    0    0     0    96 1429 2525  0  0 100  0  0
 1  0      0 304900320 222428 191580000    0    0     0     0 2898 3469  0  0 100  0  0
