procs -----------memory---------- ---swap-- -----io---- -system-- ------cpu-----
 r  b   swpd   free   buff  cache   si   so    bi    bo   in   cs us sy id wa st
 2  0      0 99782464  85940 21863732    0    0     1     4    0    0  0  0 100  0  0
 0  0      0 99780136  85948 21863736    0    0     0    44 1534 2431  0  0 100  0  0
 0  0      0 99780144  85948 21863752    0    0     0     0 1568 2676  0  0 100  0  0
 0  0      0 99780368  85948 21863804    0    0     0    16 1358 2549  0  0 100  0  0
 1  0      0 99780368  85948 21863808    0    0     0     0 1463 2452  0  0 100  0  0
 0  0      0 99780288  85948 21863808    0    0     0     0 1355 2425  0  0 100  0  0
 0  0      0 99780560  85948 21863840    0    0     0    28 1500 2492  0  0 100  0  0
 0  0      0 99780560  85948 21863840    0    0     0     0 1344 2511  0  0 100  0  0
 0  0      0 99780560  85948 21863840    0    0     0    12 1473 2501  0  0 100  0  0
 1  0      0 99780560  85948 21863840    0    0     0     0 1346 2499  0  0 100  0  0
 1  0      0 99780560  85948 21863840    0    0     0     0 1533 2492  0  0 100  0  0
 1  0      0 99780560  85948 21863840    0    0     0    24 1261 2342  0  0 100  0  0
 1  0      0 99780560  85948 21863840    0    0     0     0 1480 2558  0  0 100  0  0
 1  0      0 99780560  85948 21863840    0    0     0    12 1343 2514  0  0 100  0  0
 0  0      0 99780560  85948 21863844    0    0     0     0 1525 2561  0  0 100  0  0
 0  0      0 99780512  85948 21863844    0    0     0    68 3770 3004  0  0 100  0  0
 0  0      0 99779872  85948 21863960    0    0     0    12 3239 2875  0  0 100  0  0
 0  0      0 99780376  85948 21863960    0    0     0     0 2652 2876  0  0 100  0  0
 0  0      0 99780624  85948 21863980    0    0     0    12 17972 4612  0  0 100  0  0
 0  0      0 99780688  85948 21863988    0    0     0     0 17209 4006  0  0 100  0  0
 0  0      0 99780880  85948 21863996    0    0     0     0 18836 4081  0  0 100  0  0
procs -----------memory---------- ---swap-- -----io---- -system-- ------cpu-----
 r  b   swpd   free   buff  cache   si   so    bi    bo   in   cs us sy id wa st
 0  0      0 99780880  85956 21863992    0    0     0    52 24807 4637  0  0 100  0  0
 0  0      0 99781088  85956 21864020    0    0     0     0 22835 4763  0  0 100  0  0
 1  0      0 99781088  85956 21864020    0    0     0    12 20604 4363  0  0 100  0  0
 0  0      0 99781592  85956 21864044    0    0     0   352 20714 4493  0  0 100  0  0
 0  0      0 99781824  85956 21864056    0    0     0     0 23305 4575  0  0 100  0  0
 0  0      0 99782112  85956 21864068    0    0     0     8 24351 4726  0  0 100  0  0
 0  0      0 99782216  85956 21864076    0    0     0     0 23782 4783  0  0 100  0  0
 0  0      0 99782368  85956 21864088    0    0     0    12 25351 4792  0  0 100  0  0
 0  0      0 99782464  85956 21864096    0    0     0     0 23925 4643  0  0 100  0  0
 1  0      0 99782416  85956 21864116    0    0     0     0 22962 4584  0  0 100  0  0
 0  0      0 99782416  85956 21864116    0    0     0   380 25324 4565  0  0 100  0  0
 0  0      0 99782816  85956 21864136    0    0     0     0 26394 4951  0  0 100  0  0
 0  0      0 99782728  85956 21864152    0    0     0    20 26024 4955  0  0 100  0  0
 0  0      0 99782800  85956 21864160    0    0     0     0 23480 4654  0  0 100  0  0
 0  0      0 99782952  85956 21864172    0    0     0     0 22739 4422  0  0 100  0  0
 0  0      0 99782856  85968 21864180    0    0     0    60 23801 4502  0  0 100  0  0
 1  0      0 99782832  85968 21864200    0    0     0     0 23494 4751  0  0 100  0  0
 1  0      0 99783040  85968 21864208    0    0     0    12 22646 4652  0  0 100  0  0
 1  0      0 99783168  85968 21864216    0    0     0     0 24177 4643  0  0 100  0  0
 0  0      0 99783376  85968 21864228    0    0     0     0 21093 4340  0  0 100  0  0
 0  0      0 99783312  85968 21864240    0    0     0    24 21795 4454  0  0 100  0  0
procs -----------memory---------- ---swap-- -----io---- -system-- ------cpu-----
 r  b   swpd   free   buff  cache   si   so    bi    bo   in   cs us sy id wa st
 1  0      0 99783376  85968 21864252    0    0     0     0 22797 4801  0  0 100  0  0
 0  0      0 99783504  85968 21864264    0    0     0    12 22403 4643  0  0 100  0  0
 0  0      0 99783408  85968 21864276    0    0     0     0 23110 4626  0  0 100  0  0
 1  0      0 99783536  85968 21864288    0    0     0     0 23455 4546  0  0 100  0  0
 0  0      0 99783504  85968 21864296    0    0     0    12 21637 4498  0  0 100  0  0
 0  0      0 99783472  85968 21864296    0    0     0    16 22691 4693  0  0 100  0  0
 0  0      0 99783624  85968 21864324    0    0     0    12 22608 4637  0  0 100  0  0
 0  0      0 99781576  85968 21864336    0    0     0     0 25350 4861  0  0 100  0  0
 0  0      0 99781576  85968 21864348    0    0     0     0 22523 4675  0  0 100  0  0
 0  0      0 99781576  85968 21864360    0    0     0    12 23297 5146  0  0 100  0  0
 0  0      0 99781744  85968 21864372    0    0     0     0 21966 4630  0  0 100  0  0
 0  0      0 99781680  85968 21864380    0    0     0    12 22452 4634  0  0 100  0  0
 0  0      0 99781744  85968 21864396    0    0     0   248 20688 4685  0  0 100  0  0
 1  0      0 99781744  85968 21864404    0    0     0    48 26387 4724  0  0 100  0  0
 0  0      0 99781792  85968 21864412    0    0     0     8 24672 4720  0  0 100  0  0
 0  0      0 99781856  85968 21864424    0    0     0     0 19170 4439  0  0 100  0  0
 0  0      0 99781856  85968 21864424    0    0     0    12 21435 4490  0  0 100  0  0
 0  0      0 99781856  85968 21864452    0    0     0     0 21539 4517  0  0 100  0  0
 0  0      0 99781888  85968 21864460    0    0     0     0 19138 4228  0  0 100  0  0
 0  0      0 99781888  85968 21864472    0    0     0     0 20460 4469  0  0 100  0  0
 0  0      0 99781888  85968 21864476    0    0     0     0 20167 4591  0  0 100  0  0
procs -----------memory---------- ---swap-- -----io---- -system-- ------cpu-----
 r  b   swpd   free   buff  cache   si   so    bi    bo   in   cs us sy id wa st
 0  0      0 99781648  85968 21864492    0    0     0    12 21733 4551  0  0 100  0  0
 0  0      0 99781824  85968 21864508    0    0     0     0 20944 4479  0  0 100  0  0
 0  0      0 99781768  85968 21864520    0    0     0     0 20465 4316  0  0 100  0  0
 1  0      0 99781544  85968 21864536    0    0     0   448 22545 4606  0  0 100  0  0
 0  0      0 99781888  85968 21864544    0    0     0     0 21658 4555  0  0 100  0  0
 0  0      0 99781856  85980 21864540    0    0     0    56 20690 4427  0  0 100  0  0
 0  0      0 99781888  85980 21864564    0    0     0     0 20289 4436  0  0 100  0  0
 0  0      0 99781856  85980 21864572    0    0     0     0 18300 4263  0  0 100  0  0
 0  0      0 99781952  85980 21864584    0    0     0    24 22653 4496  0  0 100  0  0
 0  0      0 99782032  85980 21864600    0    0     0     0 23427 4776  0  0 100  0  0
 0  0      0 99782032  85980 21864612    0    0     0    12 25647 4981  0  0 100  0  0
 1  0      0 99782080  85980 21864620    0    0     0     0 22731 4671  0  0 100  0  0
 0  0      0 99781976  85980 21864628    0    0     0     0 20224 4312  0  0 100  0  0
 0  0      0 99780432  85980 21864628    0    0     0    12 23275 4693  0  0 100  0  0
 0  0      0 99781216  85980 21864652    0    0     0     0 24099 5085  0  0 100  0  0
 1  0      0 99781120  85980 21864652    0    0     0    12 24641 5106  0  0 100  0  0
 0  0      0 99781264  85980 21864676    0    0     0     0 24664 5276  0  0 100  0  0
 1  0      0 99781360  85980 21864676    0    0     0     0 20830 5313  0  0 100  0  0
 0  0      0 99781360  85988 21864668    0    0     0    32 12930 5597  0  0 100  0  0
 0  0      0 99781360  85988 21864668    0    0     0     0 2755 3292  0  0 100  0  0
 0  0      0 99782168  85988 21864728    0    0     0    12 1815 2807  0  0 100  0  0
