procs -----------memory---------- ---swap-- -----io---- -system-- ------cpu-----
 r  b   swpd   free   buff  cache   si   so    bi    bo   in   cs us sy id wa st
 2  0      0 315406912 265124 182038848    0    0     0    14    0    0  0  0 100  0  0
 0  0      0 315404544 265124 182038848    0    0     0     0 1644 2506  0  0 100  0  0
 0  0      0 315404544 265132 182038832    0    0     0    44 1352 2366  0  0 100  0  0
 0  0      0 315404544 265132 182038832    0    0     0     0 1360 2374  0  0 100  0  0
 0  0      0 315404544 265132 182038832    0    0     0     0 1431 2548  0  0 100  0  0
 0  0      0 315402528 265132 182038960    0    0     0    52 1441 2719  0  0 100  0  0
 0  0      0 315402528 265132 182038960    0    0     0     0 1344 2350  0  0 100  0  0
 0  0      0 315402528 265132 182038976    0    0     0     0 1312 2380  0  0 100  0  0
 0  0      0 315402528 265132 182038976    0    0     0     0 1373 2404  0  0 100  0  0
 0  0      0 315402528 265132 182038976    0    0     0     0 1520 2635  0  0 100  0  0
 0  0      0 315402848 265132 182039024    0    0     0    32 1374 2525  0  0 100  0  0
 1  0      0 315402848 265132 182039024    0    0     0     0 1272 2295  0  0 100  0  0
 1  0      0 315402848 265132 182039040    0    0     0     0 1399 2433  0  0 100  0  0
 1  0      0 315402688 265132 182039056    0    0     0     0 1437 2531  0  0 100  0  0
 1  0      0 315402848 265132 182039072    0    0     0   260 1444 2559  0  0 100  0  0
 1  0      0 315402848 265132 182039072    0    0     0    40 5210 3267  0  0 100  0  0
 0  0      0 315401504 265132 182039088    0    0     0     0 3609 2965  0  0 100  0  0
 0  0      0 315401408 265132 182039088    0    0     0     0 3862 2967  0  0 100  0  0
 0  0      0 315402080 265132 182039104    0    0     0     0 22328 4472  0  0 100  0  0
 1  0      0 315402112 265132 182039104    0    0     0     0 33980 5367  0  0 100  0  0
 0  0      0 315402112 265136 182039104    0    0     0    52 36076 5610  0  0 100  0  0
procs -----------memory---------- ---swap-- -----io---- -system-- ------cpu-----
 r  b   swpd   free   buff  cache   si   so    bi    bo   in   cs us sy id wa st
 0  0      0 315402080 265136 182039104    0    0     0     0 31854 5034  0  0 100  0  0
 1  0      0 315402272 265136 182039152    0    0     0     0 33842 5333  0  0 100  0  0
 0  0      0 315402240 265136 182039168    0    0     0    76 34860 5457  0  0 100  0  0
 0  0      0 315402944 265136 182039168    0    0     0     0 36155 5606  0  0 100  0  0
 0  0      0 315402880 265136 182039184    0    0     0    28 33209 5317  0  0 100  0  0
 0  0      0 315402976 265136 182039184    0    0     0     0 34368 5146  0  0 100  0  0
 0  0      0 315403232 265136 182039200    0    0     0     0 30015 4975  0  0 100  0  0
 0  0      0 315403136 265136 182039200    0    0     0     0 32173 5174  0  0 100  0  0
 0  0      0 315403520 265136 182039232    0    0     0     0 31665 5358  0  0 100  0  0
 0  0      0 315403392 265136 182039232    0    0     0    52 34701 5511  0  0 100  0  0
 0  0      0 315403776 265136 182039232    0    0     0     0 33009 5158  0  0 100  0  0
 0  0      0 315403776 265136 182039232    0    0     0     0 29423 4883  0  0 100  0  0
 0  0      0 315403968 265136 182039280    0    0     0     0 32154 5243  0  0 100  0  0
 0  0      0 315404160 265136 182039280    0    0     0     0 35311 5460  0  0 100  0  0
 0  0      0 315404160 265136 182039296    0    0     0   432 34856 5416  0  0 100  0  0
 0  0      0 315404000 265136 182039296    0    0     0     0 33625 5321  0  0 100  0  0
 0  0      0 315404192 265140 182039328    0    0     0    36 34078 5495  0  0 100  0  0
 0  0      0 315404352 265140 182039328    0    0     0     0 35233 5324  0  0 100  0  0
 0  0      0 315404576 265140 182039344    0    0     0     0 33005 5401  0  0 100  0  0
 0  0      0 315404736 265140 182039344    0    0     0    32 37543 5616  0  0 100  0  0
 0  0      0 315404928 265140 182039360    0    0     0     0 33282 5429  0  0 100  0  0
procs -----------memory---------- ---swap-- -----io---- -system-- ------cpu-----
 r  b   swpd   free   buff  cache   si   so    bi    bo   in   cs us sy id wa st
 1  0      0 315404928 265140 182039360    0    0     0     0 33419 5333  0  0 100  0  0
 1  0      0 315405152 265140 182039392    0    0     0     0 32905 5176  0  0 100  0  0
 1  0      0 315405056 265140 182039392    0    0     0   188 34169 5437  0  0 100  0  0
 0  0      0 315404928 265140 182039424    0    0     0    24 34708 5631  0  0 100  0  0
 0  0      0 315404864 265140 182039440    0    0     0     0 34670 5340  0  0 100  0  0
 0  0      0 315404864 265140 182039440    0    0     0     0 34882 5226  0  0 100  0  0
 0  0      0 315405024 265140 182039456    0    0     0     0 34937 5427  0  0 100  0  0
 0  0      0 315405280 265140 182039472    0    0     0     0 30791 5275  0  0 100  0  0
 0  0      0 315405280 265140 182039472    0    0     0    12 34843 5352  0  0 100  0  0
 0  0      0 315405376 265140 182039472    0    0     0     0 31742 5096  0  0 100  0  0
 0  0      0 315405152 265140 182039488    0    0     0     0 32682 5326  0  0 100  0  0
 0  0      0 315405152 265140 182039520    0    0     0     0 35981 5470  0  0 100  0  0
 0  0      0 315405152 265140 182039520    0    0     0     0 33933 5302  0  0 100  0  0
 0  0      0 315405184 265140 182039520    0    0     0    24 31807 5202  0  0 100  0  0
 1  0      0 315405248 265140 182039552    0    0     0     0 32570 5178  0  0 100  0  0
 0  0      0 315405088 265140 182039552    0    0     0     0 36319 5619  0  0 100  0  0
 0  0      0 315405248 265140 182039552    0    0     0     0 36686 5534  0  0 100  0  0
 0  0      0 315405312 265140 182039552    0    0     0     0 36040 5447  0  0 100  0  0
 0  0      0 315405280 265140 182039584    0    0     0    24 37530 5668  0  0 100  0  0
 0  0      0 315405088 265140 182039600    0    0     0     0 34827 5544  0  0 100  0  0
 1  0      0 315405056 265140 182039600    0    0     0     0 37190 5477  0  0 100  0  0
procs -----------memory---------- ---swap-- -----io---- -system-- ------cpu-----
 r  b   swpd   free   buff  cache   si   so    bi    bo   in   cs us sy id wa st
 0  0      0 315405248 265140 182039616    0    0     0     0 35527 5392  0  0 100  0  0
 0  0      0 315405280 265140 182039632    0    0     0     0 36970 5603  0  0 100  0  0
 0  0      0 315405184 265140 182039632    0    0     0    12 36417 5657  0  0 100  0  0
 0  0      0 315405312 265140 182039648    0    0     0   364 35537 5375  0  0 100  0  0
 0  0      0 315405120 265140 182039680    0    0     0    40 35980 5407  0  0 100  0  0
 1  0      0 315405088 265140 182039680    0    0     0    48 36138 5388  0  0 100  0  0
 0  0      0 315405152 265140 182039680    0    0     0     0 37431 5769  0  0 100  0  0
 0  0      0 315405184 265140 182039712    0    0     0    12 39278 5780  0  0 100  0  0
 0  0      0 315405088 265140 182039712    0    0     0    56 33216 5199  0  0 100  0  0
 0  0      0 315405088 265140 182039712    0    0     0     0 34888 5282  0  0 100  0  0
 0  0      0 315405152 265140 182039712    0    0     0     0 31878 5032  0  0 100  0  0
 1  0      0 315403264 265140 182039744    0    0     0    96 33348 5432  0  0 100  0  0
 0  0      0 315403008 265140 182039760    0    0     0    28 34384 5594  0  0 100  0  0
 1  0      0 315403328 265140 182039760    0    0     0    12 28007 5007  0  0 100  0  0
 1  0      0 315403456 265140 182039776    0    0     0     0 26725 5143  0  0 100  0  0
 0  0      0 315403552 265140 182039792    0    0     0     0 22706 4833  0  0 100  0  0
 0  0      0 315403584 265140 182039792    0    0     0     0 16943 4537  0  0 100  0  0
 1  0      0 315403584 265140 182039792    0    0     0    12 13409 4508  0  0 100  0  0
 0  0      0 315403584 265140 182039792    0    0     0     0 2533 2916  0  0 100  0  0
 0  0      0 315403584 265140 182039792    0    0     0     0 1426 2448  0  0 100  0  0
 0  0      0 315403968 265140 182040000    0    0     0     0 1648 2646  0  0 100  0  0
procs -----------memory---------- ---swap-- -----io---- -system-- ------cpu-----
 r  b   swpd   free   buff  cache   si   so    bi    bo   in   cs us sy id wa st
 1  0      0 315397376 265144 182040016    0    0     0   212 2303 3128  0  0 100  0  0
