procs -----------memory---------- ---swap-- -----io---- -system-- ------cpu-----
 r  b   swpd   free   buff  cache   si   so    bi    bo   in   cs us sy id wa st
 2  0      0 11673384   7212 109619656    0    0     0    12    1    0  0  0 100  0  0
 0  0      0 11671020   7212 109619656    0    0     0     0 1085 1526  0  0 100  0  0
 0  0      0 11671020   7212 109619656    0    0     0     0  823 1447  0  0 100  0  0
 0  0      0 11671020   7212 109619656    0    0     0     0  853 1522  0  0 100  0  0
 0  0      0 11670108   7212 109619800    0    0     0    40 1186 2038  0  0 100  0  0
 0  0      0 11665980   7212 109619808    0    0     0     0 1199 1585  0  0 100  0  0
 0  0      0 11665976   7212 109619824    0    0     0     0  847 1489  0  0 100  0  0
 0  0      0 11665944   7212 109619824    0    0     0    24  874 1494  0  0 100  0  0
 4  0      0 11531532   7212 109619888    0    0     0     0 4969 17986  2  0 97  0  0
 4  0      0 11312384   7212 109619760    0    0     0    24 4720 14324  3  0 97  0  0
 3  0      0 11173864   7212 109619784    0    0     0     0 7471 8448  3  0 96  0  0
 1  0      0 11127948   7212 109643392    0    0     0     0 9415 18912  2  0 97  0  0
 2  0      0 10997840   7212 109759208    0    0     0     0 18894 34283  1  0 98  0  0
 8  0      0 10871316   7212 109777040    0    0     0     0 86120 16651  4  0 95  0  0
 4  0      0 10621584   7212 109777056    0    0     0     0 38950 13653  8  1 92  0  0
 6  0      0 10508652   7212 109777072    0    0     0     0 40700 21354  6  0 94  0  0
 4  0      0 10421172   7212 109781568    0    0     0     0 11668 19867  7  0 92  0  0
 0  0      0 10174444   7212 109787840    0    0     0     0 7861 9993  4  0 95  0  0
 3  0      0 10105024   7212 109788576    0    0     0     0 18707 29853  9  0 90  0  0
 7  0      0 9971724   7212 109788608    0    0     0    12 18705 16093 10  0 89  0  0
 8  0      0 9969088   7220 109788656    0    0     0   860 10084 10312  4  0 96  0  0
procs -----------memory---------- ---swap-- -----io---- -system-- ------cpu-----
 r  b   swpd   free   buff  cache   si   so    bi    bo   in   cs us sy id wa st
 5  0      0 9728848   7220 109788680    0    0     0     0 18045 8219  9  1 90  0  0
 4  0      0 9674100   7220 109788704    0    0     0     0 10325 6700  8  0 92  0  0
 0  0      0 9640428   7220 109788768    0    0     0     0 8126 10182  5  0 95  0  0
 0  0      0 9636352   7220 109788768    0    0     0    56 1106 2166  0  0 100  0  0
 0  0      0 9636184   7228 109788784    0    0     0    28  908 1504  0  0 100  0  0
 0  0      0 9636184   7228 109788784    0    0     0     0  878 1538  0  0 100  0  0
 0  0      0 9636340   7228 109788784    0    0     0     0  971 1611  0  0 100  0  0
 0  0      0 9632076   7228 109788816    0    0     0     0 9801 10209  3  0 97  0  0
 8  0      0 9630248   7228 109788824    0    0     0    16 2206 3060  1  0 99  0  0
63  0      0 9595204   7228 109788856    0    0     0     0 45217 7782  8  1 91  0  0
 4  0      0 9557680   7228 109788856    0    0     0     0 19331 11170 13  0 86  0  0
11  0      0 9514864   7228 109806416    0    0     0     0 31322 25605  6  0 94  0  0
 0  0      0 9532016   7228 109789120    0    0     0     0 3297 3149  1  0 99  0  0
 0  0      0 9601248   7228 109699424    0    0     0   380 17457 9992  5  0 95  0  0
