procs -----------memory---------- ---swap-- -----io---- -system-- ------cpu-----
 r  b   swpd   free   buff  cache   si   so    bi    bo   in   cs us sy id wa st
 2  0      0 341044480   7364 157857664    0    0     0    13    0    1  0  0 100  0  0
 0  0      0 341043520   7364 157857664    0    0     0     0 1158 1520  0  0 100  0  0
 0  0      0 341043168   7364 157857664    0    0     0     0  901 1554  0  0 100  0  0
 0  0      0 341043168   7364 157857664    0    0     0    48  881 1508  0  0 100  0  0
 1  0      0 341042560   7364 157857712    0    0     0     0 1125 1807  0  0 100  0  0
 0  0      0 341037728   7364 157857712    0    0     0     0 1095 1542  0  0 100  0  0
 1  0      0 341038080   7364 157857728    0    0     0     0  922 1585  0  0 100  0  0
 1  0      0 341037504   7364 157857728    0    0     0    24  887 1492  0  0 100  0  0
 4  0      0 340900928   7364 157857824    0    0     0    16 5319 18354  2  0 97  0  0
 4  0      0 340695840   7364 157857856    0    0     0     0 4570 14606  3  0 97  0  0
 1  0      0 340546752   7364 157857856    0    0     0     0 7603 8553  3  0 97  0  0
 1  0      0 340504736   7364 157868464    0    0     0     0 7520 16228  2  0 97  0  0
 0  0      0 340425120   7364 157932560    0    0     0     0 20564 37288  2  0 98  0  0
 6  0      0 340233408   7364 158014720    0    0     0    20 77173 15735  4  0 95  0  0
 3  0      0 339965696   7364 158015248    0    0     0     0 25369 11790  5  1 93  0  0
 9  0      0 339956032   7364 158015248    0    0     0     0 10630 17591  4  0 96  0  0
12  0      0 339822272   7364 158015264    0    0     0     0 20241 16161  7  0 93  0  0
 0  0      0 339604160   7364 158023296    0    0     0     0 13429 15358  5  0 94  0  0
 3  0      0 339401216   7364 158023760    0    0     0     0 30076 32476  9  1 91  0  0
 9  0      0 339294720   7364 158023840    0    0     0     0 19731 20542  8  0 92  0  0
 4  0      0 339295808   7372 158023840    0    0     0    28 5738 9123  4  0 96  0  0
procs -----------memory---------- ---swap-- -----io---- -system-- ------cpu-----
 r  b   swpd   free   buff  cache   si   so    bi    bo   in   cs us sy id wa st
 6  0      0 339056800   7372 158023872    0    0     0     0 11916 8478  7  2 91  0  0
 4  0      0 338986944   7372 158023888    0    0     0     0 12428 7317  7  1 91  0  0
 1  0      0 339000352   7372 158023920    0    0     0     0 4861 9135  2  0 98  0  0
 0  0      0 339000480   7372 158023936    0    0     0     0 1145 2006  0  0 100  0  0
 0  0      0 339000832   7372 158023936    0    0     0   252  880 1505  0  0 100  0  0
 0  0      0 339000928   7380 158024000    0    0     0    32  955 1770  0  0 100  0  0
 0  0      0 339001408   7380 158024000    0    0     0     0  960 1624  0  0 100  0  0
 0  0      0 339002112   7380 158024016    0    0     0     0  896 1494  0  0 100  0  0
 3  0      0 339001824   7380 158024032    0    0     0     0 1614 2779  1  0 99  0  0
 1  0      0 338996224   7380 158024032    0    0     0     0 6631 11807  4  0 96  0  0
 2  0      0 338912224   7380 158024064    0    0     0     0 28288 8562 16  1 83  1  0
 3  0      0 338865056   7380 158041088    0    0     0     0 21297 33401  7  0 93  0  0
 0  0      0 338883648   7380 158023792    0    0     0   452 2244 2336  1  0 99  0  0
 0  0      0 338958336   7380 157937296    0    0     0     0 6480 8611  2  0 98  0  0
 0  0      0 340941184   7380 157937376    0    0     0     0 9305 2471  0  0 100  0  0
