1 0.00 0.01 0.07 0.10 1.71 0.95 32.15 0.00 0.30 0.39 0.24 0.10 0.00
2 0.00 0.00 0.00 0.00 0.00 0.00 0.00 0.00 0.00 0.00 0.00 0.00 0.00
3 0.00 0.00 0.00 0.00 0.00 0.00 0.00 0.00 0.00 0.00 0.00 0.00 0.00
4 0.00 0.00 0.00 0.00 0.00 0.00 0.00 0.00 0.00 0.00 0.00 0.00 0.00
5 0.00 0.00 0.00 0.00 0.00 0.00 0.00 0.00 0.00 0.00 0.00 0.00 0.00
6 0.00 0.00 0.00 0.00 0.00 0.00 0.00 0.00 0.00 0.00 0.00 0.00 0.00
7 0.00 0.00 0.00 0.00 0.00 0.00 0.00 0.00 0.00 0.00 0.00 0.00 0.00
8 0.00 0.00 0.00 2.00 0.00 16.00 16.00 0.00 0.00 0.00 0.00 0.00 0.00
9 0.00 0.00 72.00 0.00 992.00 0.00 27.56 0.01 0.17 0.17 0.00 0.17 1.20
10 0.00 0.00 93.00 6.00 2156.00 72.00 45.01 0.02 0.20 0.22 0.00 0.13 1.30
11 0.00 0.00 4.00 4.00 44.00 64.00 27.00 0.00 0.12 0.25 0.00 0.12 0.10
12 0.00 0.00 95.00 8.00 2392.00 84.00 48.08 0.02 0.20 0.21 0.12 0.15 1.50
13 0.00 0.00 23.00 7.00 284.00 112.00 26.40 0.00 0.07 0.09 0.00 0.07 0.20
14 0.00 0.00 50.00 4.00 880.00 52.00 34.52 0.01 0.20 0.22 0.00 0.11 0.60
15 0.00 16.00 154.00 55.00 2488.00 904.00 32.46 0.08 0.38 0.27 0.69 0.17 3.60
16 0.00 0.00 439.00 8.00 7072.00 88.00 32.04 0.08 0.17 0.18 0.00 0.15 6.80
17 0.00 0.00 44.00 0.00 536.00 0.00 24.36 0.01 0.11 0.11 0.00 0.11 0.50
18 0.00 0.00 0.00 6.00 0.00 92.00 30.67 0.00 0.00 0.00 0.00 0.00 0.00
19 0.00 0.00 9.00 0.00 420.00 0.00 93.33 0.01 0.89 0.89 0.00 0.67 0.60
20 0.00 0.00 2.00 0.00 8.00 0.00 8.00 0.00 0.00 0.00 0.00 0.00 0.00
21 0.00 0.00 1.00 12.00 8.00 172.00 27.69 0.00 0.31 0.00 0.33 0.08 0.10
22 0.00 0.00 0.00 4.00 0.00 52.00 26.00 0.00 0.00 0.00 0.00 0.00 0.00
23 0.00 0.00 0.00 5.00 0.00 48.00 19.20 0.00 0.00 0.00 0.00 0.00 0.00
24 0.00 0.00 7.00 0.00 64.00 0.00 18.29 0.00 0.29 0.29 0.00 0.29 0.20
25 0.00 0.00 1.00 0.00 128.00 0.00 256.00 0.00 0.00 0.00 0.00 0.00 0.00
26 0.00 0.00 0.00 12.00 0.00 172.00 28.67 0.00 0.08 0.00 0.08 0.08 0.10
27 0.00 0.00 0.00 0.00 0.00 0.00 0.00 0.00 0.00 0.00 0.00 0.00 0.00
28 0.00 0.00 0.00 1.00 0.00 28.00 56.00 0.00 0.00 0.00 0.00 0.00 0.00
29 0.00 0.00 0.00 0.00 0.00 0.00 0.00 0.00 0.00 0.00 0.00 0.00 0.00
30 0.00 0.00 138.00 8.00 1628.00 128.00 24.05 0.02 0.15 0.16 0.00 0.14 2.10
31 0.00 0.00 339.00 0.00 4324.00 0.00 25.51 0.06 0.17 0.17 0.00 0.14 4.70
32 0.00 0.00 67.00 0.00 1284.00 0.00 38.33 0.02 0.31 0.31 0.00 0.21 1.40
33 0.00 0.00 49.00 7.00 716.00 372.00 38.86 0.01 0.27 0.29 0.14 0.25 1.40
34 0.00 0.00 8.00 0.00 56.00 0.00 14.00 0.00 0.00 0.00 0.00 0.00 0.00
35 0.00 0.00 15.00 0.00 248.00 0.00 33.07 0.00 0.07 0.07 0.00 0.07 0.10
