0 0.03 0.00 0.03 0.00 0.00 0.00 0.00 0.00 0 0.00
1 0.07 0.00 0.02 0.00 0.00 0.00 0.00 0.00 0 0.00
2 0.02 0.00 0.02 0.00 0.00 0.00 0.00 0.00 0 0.00
3 0.02 0.00 0.05 0.00 0.00 0.00 0.00 0.00 0 0.00
4 0.10 0.00 0.05 0.00 0.00 0.00 0.00 0.00 0 0.00
5 0.02 0.00 0.02 0.00 0.00 0.00 0.00 0.00 0 0.00
6 0.04 0.00 0.05 0.00 0.00 0.00 0.00 0.00 0 0.00
7 4.40 0.00 1.32 0.01 0.00 0.01 0.00 0.00 0 0.00
8 33.08 0.00 4.23 0.01 0.00 0.01 0.00 0.00 0 0.00
9 33.75 0.00 4.64 0.00 0.00 0.00 0.00 0.00 0 0.00
10 34.52 0.00 4.30 0.01 0.00 0.01 0.00 0.00 0 0.00
11 35.20 0.00 4.78 0.00 0.00 0.02 0.00 0.00 0 0.00
12 32.77 0.00 4.67 0.00 0.00 0.02 0.00 0.00 0 0.00
13 31.74 0.00 4.43 0.02 0.00 0.01 0.00 0.00 0 0.00
14 28.84 0.00 4.80 0.04 0.00 0.01 0.00 0.00 0 0.00
15 36.63 0.00 4.46 0.00 0.00 0.01 0.00 0.00 0 0.00
16 38.17 0.00 5.14 0.00 0.00 0.00 0.00 0.00 0 0.00
17 37.10 0.00 4.45 0.01 0.00 0.02 0.00 0.00 0 0.00
18 33.19 0.00 4.11 0.00 0.00 0.03 0.00 0.00 0 0.00
19 31.16 0.00 5.22 0.00 0.00 0.01 0.00 0.00 0 0.00
20 35.81 0.00 5.01 0.00 0.00 0.00 0.00 0.00 0 0.00
21 38.69 0.00 4.82 0.01 0.00 0.01 0.00 0.00 0 0.00
22 29.67 0.00 4.33 0.00 0.00 0.00 0.00 0.00 0 0.00
23 26.11 0.00 4.49 0.00 0.00 0.02 0.00 0.00 0 0.00
24 27.98 0.00 4.65 0.00 0.00 0.00 0.00 0.00 0 0.00
25 32.24 0.00 4.81 0.00 0.00 0.00 0.00 0.00 0 0.00
26 30.81 0.00 4.52 0.00 0.00 0.01 0.00 0.00 0 0.00
27 25.64 0.00 3.79 0.00 0.00 0.00 0.00 0.00 0 0.00
28 27.82 0.00 4.89 0.01 0.00 0.01 0.00 0.00 0 0.00
29 33.13 0.00 4.54 0.03 0.00 0.01 0.00 0.00 0 0.00
30 46.53 0.00 6.14 0.03 0.00 0.00 0.00 0.00 0 0.00
31 34.14 0.00 4.01 0.00 0.00 0.02 0.00 0.00 0 0.00
32 25.15 0.00 4.11 0.01 0.00 0.02 0.00 0.00 0 0.00
