0 0.03 0.00 0.04 0.00 0.00 0.00 0.00 0.00 0 0.00
1 0.04 0.00 0.02 0.00 0.00 0.00 0.00 0.00 0 0.00
2 0.03 0.00 0.02 0.00 0.00 0.00 0.00 0.00 0 0.00
3 0.04 0.00 0.06 0.00 0.00 0.00 0.00 0.00 0 0.00
4 0.08 0.00 0.07 0.00 0.00 0.00 0.00 0.00 0 0.00
5 0.02 0.00 0.02 0.00 0.00 0.00 0.00 0.00 0 0.00
6 0.05 0.00 0.04 0.00 0.00 0.00 0.00 0.00 0 0.00
7 3.88 0.00 1.33 0.00 0.00 0.01 0.00 0.00 0 0.00
8 33.41 0.00 4.34 0.00 0.00 0.01 0.00 0.00 0 0.00
9 33.83 0.00 5.15 0.00 0.00 0.01 0.00 0.00 0 0.00
10 33.37 0.00 5.07 0.00 0.00 0.00 0.00 0.00 0 0.00
11 34.59 0.00 4.74 0.00 0.00 0.04 0.00 0.00 0 0.00
12 34.83 0.00 5.54 0.00 0.00 0.04 0.00 0.00 0 0.00
13 36.50 0.00 5.62 0.00 0.00 0.01 0.00 0.00 0 0.00
14 28.69 0.00 4.23 0.00 0.00 0.00 0.00 0.00 0 0.00
15 32.62 0.00 4.83 0.00 0.00 0.01 0.00 0.00 0 0.00
16 33.15 0.00 5.04 0.06 0.00 0.01 0.00 0.00 0 0.00
17 39.37 0.00 5.07 0.00 0.00 0.02 0.00 0.00 0 0.00
18 38.65 0.00 4.83 0.00 0.00 0.04 0.00 0.00 0 0.00
19 34.45 0.00 5.29 0.00 0.00 0.00 0.00 0.00 0 0.00
20 32.95 0.00 5.73 0.01 0.00 0.01 0.00 0.00 0 0.00
21 33.51 0.00 7.96 0.06 0.00 0.01 0.00 0.00 0 0.00
22 28.70 0.00 5.11 0.00 0.00 0.01 0.00 0.00 0 0.00
23 31.63 0.00 5.68 0.00 0.00 0.01 0.00 0.00 0 0.00
24 29.45 0.00 4.43 0.00 0.00 0.00 0.00 0.00 0 0.00
25 26.28 0.00 4.40 0.00 0.00 0.01 0.00 0.00 0 0.00
26 26.14 0.00 4.84 0.00 0.00 0.00 0.00 0.00 0 0.00
27 33.70 0.00 5.04 0.00 0.00 0.01 0.00 0.00 0 0.00
28 31.16 0.00 4.51 0.00 0.00 0.01 0.00 0.00 0 0.00
29 40.55 0.00 5.69 0.02 0.00 0.00 0.00 0.00 0 0.00
30 30.83 0.00 4.49 0.00 0.00 0.01 0.00 0.00 0 0.00
31 28.30 0.00 4.72 0.00 0.00 0.01 0.00 0.00 0 0.00
32 32.06 0.00 4.78 0.00 0.00 0.01 0.00 0.00 0 0.00
