0 0.36 0.85 0.00
1 13.91 14.41 0.00
2 5.71 5.85 0.00
3 0.35 0.85 0.00
4 7.35 78.96 0.00
5 0.52 1.37 0.00
6 5.03 6.67 0.00
7 59.00 39.04 0.00
8 61.99 83.04 0.00
9 63.79 157.14 0.00
10 106.24 94.50 0.00
11 46883.99 509.38 0.00
12 33338.80 394.32 0.00
13 91.06 84.51 0.00
14 69.42 162.60 0.00
15 124.55 132.22 0.00
16 209.68 185.50 0.00
17 6412.70 4360.30 0.00
18 10384.64 12402.12 0.00
19 1719.25 189.36 0.00
20 152.24 139.35 0.00
21 151.71 140.35 0.00
22 457.27 328.46 0.00
23 79.92 105.20 0.00
24 64.75 160.57 0.00
25 77.39 101.00 0.00
26 90.78 122.85 0.00
27 90.88 111.61 0.00
28 122.16 97.36 0.00
29 65.96 160.98 0.00
30 204.93 176.12 0.00
31 7508.03 10932.40 0.00
32 138.48 3365.79 0.00
