0 0.37 1.22 0.00
1 14.60 123.88 0.00
2 5.77 6.11 0.00
3 0.51 1.29 0.00
4 6.81 12.13 0.00
5 0.33 0.70 0.00
6 6.45 116.12 0.00
7 58.94 40.14 0.00
8 61.88 84.19 0.00
9 62.31 90.64 0.00
10 106.22 94.66 0.00
11 44853.35 577.15 0.00
12 35375.22 391.87 0.00
13 91.00 84.87 0.00
14 98.47 136.52 0.00
15 122.08 129.46 0.00
16 182.87 257.57 0.00
17 4347.90 6313.88 0.00
18 10636.56 12158.25 0.00
19 1747.77 164.43 0.00
20 151.56 138.53 0.00
21 148.06 248.38 0.00
22 432.52 290.04 0.00
23 82.54 109.12 0.00
24 91.09 130.04 0.00
25 77.37 100.98 0.00
26 64.94 195.44 0.00
27 65.27 88.98 0.00
28 154.64 148.29 0.00
29 70.60 100.55 0.00
30 65.35 89.74 0.00
31 11005.42 7510.54 0.00
32 155.13 5008.75 0.00
