procs -----------memory---------- ---swap-- -----io---- -system-- ------cpu-----
 r  b   swpd   free   buff  cache   si   so    bi    bo   in   cs us sy id wa st
 2  0      0 123315776   2124 1815728    0    0     0     0    2    2  0  0 100  0  0
 0  0      0 123312768   2124 1815728    0    0     0     0  516  414  0  0 100  0  0
 0  0      0 123312768   2124 1815728    0    0     0     0  232  276  0  0 100  0  0
 0  0      0 123312256   2124 1815728    0    0     0     0  298  418  0  0 100  0  0
 2  0      0 123311096   2124 1815728    0    0     0     0  380  521  0  0 100  0  0
 0  0      0 123307472   2124 1815728    0    0     0     0  715  569  0  0 100  0  0
 0  0      0 123307472   2124 1815728    0    0     0    32  237  254  0  0 100  0  0
 0  0      0 123307472   2124 1815728    0    0     0     0  220  260  0  0 100  0  0
 2  0      0 123244656   2124 1815984    0    0     0     0 2031 7340  1  0 99  0  0
 7  0      0 123049832   2124 1815984    0    0     0     0 5330 19381  3  0 96  0  0
 5  0      0 122858352   2124 1816088    0    0     0     0 4560 9646  3  0 96  0  0
 3  0      0 122787968   2124 1816100    0    0     0     0 3951 7782  1  0 98  0  0
 3  0      0 122679936   2124 1877488    0    0     0     0 10594 36207  2  0 97  0  0
 4  0      0 122492400   2124 1973904    0    0     0     0 5976 15274  2  0 98  0  0
 2  0      0 122146512   2124 1973804    0    0     0   260 70906 17577  7  1 92  0  0
 5  0      0 122104056   2124 1973816    0    0   220     0 26985 3607  3  0 97  0  0
 7  1      0 121929728   2124 1982604    0    0  7928 109148 38787 25843  7  0 92  0  0
 5  0      0 121504688   2124 2024096    0    0 26172     0 35038 22122  6  0 93  0  0
14  0      0 121442288   2124 2032492    0    0    88     0 25303 18703  9  0 91  0  0
10  0      0 121381344   2124 2039172    0    0   332     0 14328 18183  8  1 91  0  0
11  0      0 121357648   2124 2055124    0    0     0     0 37141 11335  8  0 91  0  0
procs -----------memory---------- ---swap-- -----io---- -system-- ------cpu-----
 r  b   swpd   free   buff  cache   si   so    bi    bo   in   cs us sy id wa st
13  0      0 121308400   2124 2063136    0    0    36  9120 21280 15337  5  1 93  0  0
 4  0      0 121297536   2124 2073828    0    0    92 38272 9748 7561  7  0 93  0  0
 0  0      0 121192272   2124 2097780    0    0     0   136 22585 7122  5  4 91  0  0
 0  0      0 121202352   2124 2097800    0    0     0     0 1655  626  0  0 100  0  0
63  0      0 121040816   2124 2097404    0    0     8     0 18747 6821  4  1 95  0  0
 6  0      0 120913728   2124 2105972    0    0     0     0 31377 12436  8 11 81  0  0
 7  0      0 120818096   2124 2114244    0    0    16     0 28686 10173  6  2 92  0  0
 9  0      0 120776952   2124 2115072    0    0     4   696 20015 12888  6  1 93  0  0
 5  0      0 120636208   2124 2126792    0    0     0     0 20914 10976  7  6 87  0  0
 7  0      0 120428784   2124 2132400    0    0     4     0 21156 11209  7  8 84  0  0
 1  0      0 120231568   2124 2153068    0    0     0    72 34313 17318  6 10 85  0  0
 1  0      0 120220720   2124 2161340    0    0     0     0 14137 9625  2  1 97  0  0
 1  0      0 123128224   2124 1976508    0    0     0   148 8771 2323  0  0 100  0  0
