procs -----------memory---------- ---swap-- -----io---- -system-- ------cpu-----
 r  b   swpd   free   buff  cache   si   so    bi    bo   in   cs us sy id wa st
 4  0      0 500795776   2124 1816404    0    0     0     0    2    2  0  0 100  0  0
 0  0      0 500793408   2124 1816404    0    0     0     0  423  292  0  0 100  0  0
 0  0      0 500793408   2124 1816404    0    0     0     0  203  230  0  0 100  0  0
 0  0      0 500793408   2124 1816404    0    0     0    24  255  278  0  0 100  0  0
 2  0      0 500791712   2124 1816404    0    0     0     0  485  590  0  0 100  0  0
 0  0      0 500787552   2124 1816404    0    0     0     0  660  516  0  0 100  0  0
 0  0      0 500787552   2124 1816404    0    0     0     0  337  452  0  0 100  0  0
 0  0      0 500787552   2124 1816404    0    0     0     0  211  242  0  0 100  0  0
 5  0      0 500724992   2124 1816652    0    0     0     0 2663 6998  1  0 99  0  0
 2  0      0 500536704   2124 1816652    0    0     0     0 5007 19269  3  0 96  0  0
 2  0      0 500327520   2124 1816720    0    0     0     0 6956 11733  4  0 96  0  0
 7  0      0 500199904   2124 1816752    0    0     0     0 2821 6346  2  0 98  0  0
 3  0      0 500103168   2124 1862848    0    0     0     0 17606 34687  2  0 97  0  0
 6  1      0 499872160   2124 1973772    0    0     0 93468 11452 20484  2  0 97  0  0
 9  0      0 499622272   2124 1974544    0    0     0 13312 66275 14173  7  1 93  0  0
 4  0      0 499601760   2124 1974560    0    0    24     0 10247 5148  3  0 97  0  0
 7  0      0 499361248   2124 1982324    0    0  6784     0 26053 22599  6  0 94  0  0
 5  0      0 498977760   2124 2017732    0    0 20796     0 23685 26116  7  1 92  0  0
17  0      0 498938240   2124 2031268    0    0    88     0 17634 23083  9  0 91  0  0
 9  0      0 498889344   2124 2035780    0    0   332 47344 14983 16336  8  1 91  0  0
 4  0      0 498856320   2124 2057340    0    0     0     0 14988 8070  8  0 92  0  0
procs -----------memory---------- ---swap-- -----io---- -system-- ------cpu-----
 r  b   swpd   free   buff  cache   si   so    bi    bo   in   cs us sy id wa st
19  0      0 498804032   2124 2064108    0    0    32   180 26777 11918  6  1 94  0  0
 5  0      0 498717664   2124 2065612    0    0    92    88 18209 6500  9  4 87  0  0
 4  0      0 498581504   2124 2090072    0    0     4   288 22080 8674  6 11 84  0  0
64  0      0 498421952   2124 2115640    0    0     0   328 14078 6924  5  4 91  0  0
 5  0      0 498448576   2124 2117004    0    0     8    60 14992 5962  5  7 88  0  0
 4  0      0 498397184   2124 2123968    0    0     0     0 14445 12088  7  1 92  0  0
10  0      0 498371328   2124 2130736    0    0    16   184 35622 10580  8  1 91  0  0
 3  0      0 498281728   2124 2133816    0    0     4   952 34124 13959  7  5 87  0  0
 4  0      0 498080928   2124 2143696    0    0     0   100 37194 10013 10 13 77  0  0
 7  0      0 498079264   2124 2145648    0    0     4    20 22133 8611  3  0 97  0  0
64  0      0 497717376   2124 2171196    0    0     0    36 65255 20477  8 23 69  0  0
 2  0      0 497755648   2124 2172700    0    0     0     0 26140 14920  5  8 88  0  0
 0  0      0 500619136   2124 1970940    0    0     0     0 8235 1831  0  0 100  0  0
