procs -----------memory---------- ---swap-- -----io---- -system-- ------cpu-----
 r  b   swpd   free   buff  cache   si   so    bi    bo   in   cs us sy id wa st
 2  0      0 319253632 291540 178116016    0    0     0    15    0    0  0  0 100  0  0
 0  0      0 319301248 291540 178063744    0    0     0    32 1821 2735  0  0 100  0  0
 0  0      0 319301248 291540 178063744    0    0     0     0 1388 2527  0  0 100  0  0
 0  0      0 319301120 291540 178063760    0    0     0    16 1333 2366  0  0 100  0  0
 0  0      0 319301120 291540 178063776    0    0     0     0 1365 2402  0  0 100  0  0
 1  0      0 319301248 291540 178063792    0    0     0   292 1458 2539  0  0 100  0  0
 1  0      0 319301248 291540 178063808    0    0     0     0 1414 2472  0  0 100  0  0
 1  0      0 319301248 291544 178063808    0    0     0    80 1399 2515  0  0 100  0  0
 1  0      0 319301248 291544 178063808    0    0     0    12 1343 2399  0  0 100  0  0
 2  0      0 319301216 291544 178063840    0    0     0     0 1426 2500  0  0 100  0  0
 0  0      0 319301376 291544 178063840    0    0     0     0 1375 2377  0  0 100  0  0
 0  0      0 319301376 291544 178063840    0    0     0    12 1395 2460  0  0 100  0  0
 0  0      0 319301376 291544 178063872    0    0     0    12 1346 2522  0  0 100  0  0
 0  0      0 319301248 291544 178063872    0    0     0     0 1447 2550  0  0 100  0  0
 0  0      0 319301504 291544 178063872    0    0     0     0 1369 2362  0  0 100  0  0
 0  0      0 319301504 291544 178063904    0    0     0     0 1316 2342  0  0 100  0  0
 0  0      0 319301504 291544 178063904    0    0     0    12 1470 2580  0  0 100  0  0
 0  0      0 319301504 291544 178063920    0    0     0    16 1488 2686  0  0 100  0  0
 0  0      0 319301376 291544 178063936    0    0     0     0 1279 2339  0  0 100  0  0
 0  0      0 319301376 291544 178063936    0    0     0    68 1354 2378  0  0 100  0  0
 0  0      0 319301376 291552 178063952    0    0     0    40 1302 2359  0  0 100  0  0
procs -----------memory---------- ---swap-- -----io---- -system-- ------cpu-----
 r  b   swpd   free   buff  cache   si   so    bi    bo   in   cs us sy id wa st
 0  0      0 319301504 291552 178063968    0    0     0     0 1518 2640  0  0 100  0  0
 0  0      0 319301632 291552 178063968    0    0     0    12 1385 2524  0  0 100  0  0
 0  0      0 319301632 291552 178063984    0    0     0     0 1327 2386  0  0 100  0  0
 0  0      0 319301632 291552 178064000    0    0     0     0 1362 2372  0  0 100  0  0
 0  0      0 319301632 291552 178064016    0    0     0     0 1423 2510  0  0 100  0  0
 0  0      0 319301632 291552 178064016    0    0     0    36 1421 2471  0  0 100  0  0
 0  0      0 319301600 291552 178064032    0    0     0    28 1373 2532  0  0 100  0  0
 0  0      0 319301728 291552 178064048    0    0     0     0 1346 2431  0  0 100  0  0
 0  0      0 319301728 291552 178064064    0    0     0     0 1418 2482  0  0 100  0  0
 0  0      0 319301856 291552 178064064    0    0     0     0 1275 2312  0  0 100  0  0
 0  0      0 319301984 291552 178064080    0    0     0   416 1426 2521  0  0 100  0  0
 0  0      0 319302016 291552 178064080    0    0     0    20 1387 2565  0  0 100  0  0
 0  0      0 319301888 291552 178064096    0    0     0     0 1415 2512  0  0 100  0  0
 0  0      0 319301888 291552 178064112    0    0     0     0 1419 2443  0  0 100  0  0
 0  0      0 319301888 291552 178064112    0    0     0   236 1341 2380  0  0 100  0  0
 0  0      0 319301888 291552 178064128    0    0     0     0 1431 2507  0  0 100  0  0
 0  0      0 319301888 291552 178064144    0    0     0    12 1480 2666  0  0 100  0  0
 1  0      0 319302016 291552 178064160    0    0     0     0 1325 2387  0  0 100  0  0
 1  0      0 319301888 291552 178064160    0    0     0     0 1327 2346  0  0 100  0  0
 1  0      0 319301888 291552 178064176    0    0     0     0 1326 2392  0  0 100  0  0
 0  0      0 319301760 291552 178064192    0    0     0    12 1475 2617  0  0 100  0  0
procs -----------memory---------- ---swap-- -----io---- -system-- ------cpu-----
 r  b   swpd   free   buff  cache   si   so    bi    bo   in   cs us sy id wa st
 0  0      0 319301760 291552 178064208    0    0     0    12 1391 2510  0  0 100  0  0
 0  0      0 319301760 291552 178064224    0    0     0     0 1338 2394  0  0 100  0  0
 0  0      0 319301632 291552 178064224    0    0     0     0 1347 2393  0  0 100  0  0
 0  0      0 319301760 291552 178064240    0    0     0     0 1424 2503  0  0 100  0  0
 0  0      0 319301888 291552 178064256    0    0     0    16 1426 2521  0  0 100  0  0
 0  0      0 319301888 291552 178064256    0    0     0    12 1383 2509  0  0 100  0  0
 0  0      0 319301760 291552 178064288    0    0     0     0 1324 2398  0  0 100  0  0
 0  0      0 319301760 291552 178064288    0    0     0     0 1504 2586  0  0 100  0  0
 0  0      0 319301760 291552 178064288    0    0     0    28 1322 2330  0  0 100  0  0
 0  0      0 319301504 291552 178064320    0    0     0     0 1367 2474  0  0 100  0  0
 0  0      0 319301632 291552 178064320    0    0     0    12 1432 2580  0  0 100  0  0
 0  0      0 319301632 291552 178064320    0    0     0     0 1412 2524  0  0 100  0  0
 0  0      0 319301760 291552 178064352    0    0     0     0 1360 2393  0  0 100  0  0
 0  0      0 319301760 291552 178064352    0    0     0     0 1333 2370  0  0 100  0  0
 0  0      0 319301760 291552 178064352    0    0     0    24 1436 2534  0  0 100  0  0
 0  0      0 319301760 291552 178064384    0    0     0    12 1463 2662  0  0 100  0  0
 0  0      0 319301632 291552 178064384    0    0     0     0 1321 2371  0  0 100  0  0
 0  0      0 319301760 291552 178064400    0    0     0     0 1297 2338  0  0 100  0  0
 0  0      0 319301760 291552 178064416    0    0     0     0 1321 2380  0  0 100  0  0
 0  0      0 319301760 291552 178064416    0    0     0    32 1537 2694  0  0 100  0  0
 0  0      0 319301888 291552 178064432    0    0     0    12 1347 2492  0  0 100  0  0
procs -----------memory---------- ---swap-- -----io---- -system-- ------cpu-----
 r  b   swpd   free   buff  cache   si   so    bi    bo   in   cs us sy id wa st
 0  0      0 319301888 291552 178064448    0    0     0     0 1329 2360  0  0 100  0  0
 0  0      0 319301760 291552 178064448    0    0     0     0 1426 2466  0  0 100  0  0
 0  0      0 319301536 291552 178064464    0    0     0   104 1434 2514  0  0 100  0  0
 0  0      0 319301664 291552 178064496    0    0     0   412 1393 2471  0  0 100  0  0
 0  0      0 319301664 291552 178064496    0    0     0    12 1438 2548  0  0 100  0  0
 0  0      0 319301664 291552 178064496    0    0     0     0 1309 2372  0  0 100  0  0
 0  0      0 319301664 291552 178064512    0    0     0     0 1401 2480  0  0 100  0  0
 0  0      0 319301760 291552 178064512    0    0     0     0 1317 2342  0  0 100  0  0
 0  0      0 319301664 291552 178064544    0    0     0    12 1403 2473  0  0 100  0  0
 0  0      0 319301536 291552 178064544    0    0     0    12 1401 2556  0  0 100  0  0
 0  0      0 319301664 291552 178064576    0    0     0     0 1434 2517  0  0 100  0  0
 0  0      0 319301664 291552 178064576    0    0     0     0 1372 2398  0  0 100  0  0
 0  0      0 319301664 291552 178064576    0    0     0     0 1303 2330  0  0 100  0  0
 0  0      0 319301664 291552 178064608    0    0     0    12 1446 2568  0  0 100  0  0
 0  0      0 319301664 291552 178064608    0    0     0    12 1480 2691  0  0 100  0  0
 0  0      0 319301664 291552 178064608    0    0     0     0 1315 2366  0  0 100  0  0
 0  0      0 319301664 291552 178064640    0    0     0     0 1317 2378  0  0 100  0  0
 0  0      0 319301536 291552 178064640    0    0     0     0 1314 2366  0  0 100  0  0
 0  0      0 319301536 291552 178064640    0    0     0     0 1496 2632  0  0 100  0  0
 0  0      0 319301536 291552 178064672    0    0     0    12 1382 2556  0  0 100  0  0
 0  0      0 319301536 291552 178064672    0    0     0     0 1297 2350  0  0 100  0  0
procs -----------memory---------- ---swap-- -----io---- -system-- ------cpu-----
 r  b   swpd   free   buff  cache   si   so    bi    bo   in   cs us sy id wa st
 0  0      0 319301536 291552 178064672    0    0     0     0 1349 2392  0  0 100  0  0
 0  0      0 319301536 291552 178064704    0    0     0     0 1486 2544  0  0 100  0  0
 0  0      0 319301536 291552 178064704    0    0     0    28 1377 2471  0  0 100  0  0
 0  0      0 319301664 291552 178064720    0    0     0    28 1353 2546  0  0 100  0  0
 0  0      0 319301536 291552 178064736    0    0     0     0 1364 2432  0  0 100  0  0
 0  0      0 319301536 291552 178064736    0    0     0     0 1396 2488  0  0 100  0  0
 0  0      0 319301408 291552 178064752    0    0     0     0 1308 2334  0  0 100  0  0
 0  0      0 319301408 291552 178064768    0    0     0    32 1423 2519  0  0 100  0  0
 0  0      0 319301536 291552 178064768    0    0     0    12 1395 2546  0  0 100  0  0
 0  0      0 319301536 291552 178064784    0    0     0     0 1411 2500  0  0 100  0  0
 0  0      0 319301664 291552 178064800    0    0     0     0 1356 2398  0  0 100  0  0
 0  0      0 319301536 291552 178064800    0    0     0   116 1317 2331  0  0 100  0  0
 0  0      0 319301536 291552 178064816    0    0     0     0 1448 2540  0  0 100  0  0
 0  0      0 319301536 291552 178064832    0    0     0    12 1549 2694  0  0 100  0  0
 0  0      0 319301536 291552 178064832    0    0     0     0 1303 2346  0  0 100  0  0
 0  0      0 319301536 291552 178064864    0    0     0     0 1328 2370  0  0 100  0  0
 0  0      0 319301408 291552 178064864    0    0     0     0 1351 2390  0  0 100  0  0
 0  0      0 319301536 291552 178064880    0    0     0   424 1496 2627  0  0 100  0  0
 0  0      0 319301536 291552 178064896    0    0     0    16 1378 2502  0  0 100  0  0
 0  0      0 319301408 291552 178064896    0    0     0     0 1382 2398  0  0 100  0  0
 0  0      0 319301408 291552 178064896    0    0     0     0 1374 2438  0  0 100  0  0
procs -----------memory---------- ---swap-- -----io---- -system-- ------cpu-----
 r  b   swpd   free   buff  cache   si   so    bi    bo   in   cs us sy id wa st
 0  0      0 319301408 291552 178064928    0    0     0     0 1430 2490  0  0 100  0  0
 0  0      0 319301408 291552 178064928    0    0     0    12 1398 2513  0  0 100  0  0
 0  0      0 319301280 291552 178064960    0    0     0    12 1371 2527  0  0 100  0  0
 0  0      0 319301408 291552 178064960    0    0     0     0 1365 2430  0  0 100  0  0
 0  0      0 319301408 291556 178064960    0    0     0    36 1433 2548  0  0 100  0  0
 0  0      0 319301408 291556 178064992    0    0     0     0 1307 2334  0  0 100  0  0
 0  0      0 319301408 291556 178064992    0    0     0     0 1389 2486  0  0 100  0  0
 0  0      0 319301408 291556 178064992    0    0     0    12 1410 2578  0  0 100  0  0
 0  0      0 319301408 291556 178065024    0    0     0     0 1417 2500  0  0 100  0  0
 0  0      0 319301408 291556 178065024    0    0     0     0 1347 2369  0  0 100  0  0
 0  0      0 319301280 291556 178065024    0    0     0     0 1334 2348  0  0 100  0  0
 0  0      0 319301280 291556 178065056    0    0     0    24 1387 2514  0  0 100  0  0
 0  0      0 319301280 291556 178065056    0    0     0    12 1479 2662  0  0 100  0  0
 0  0      0 319301280 291556 178065056    0    0     0     0 1353 2400  0  0 100  0  0
 0  0      0 319301280 291556 178065088    0    0     0     0 1297 2338  0  0 100  0  0
 0  0      0 319301280 291556 178065088    0    0     0     0 1334 2384  0  0 100  0  0
 0  0      0 319301280 291556 178065088    0    0     0    32 1558 2670  0  0 100  0  0
 0  0      0 319301152 291556 178065120    0    0     0    20 1354 2498  0  0 100  0  0
 0  0      0 319301408 291556 178065120    0    0     0     0 1349 2366  0  0 100  0  0
 0  0      0 319301408 291556 178065136    0    0     0     0 1423 2430  0  0 100  0  0
 0  0      0 319301408 291556 178065152    0    0     0   232 1445 2497  0  0 100  0  0
procs -----------memory---------- ---swap-- -----io---- -system-- ------cpu-----
 r  b   swpd   free   buff  cache   si   so    bi    bo   in   cs us sy id wa st
 0  0      0 319301408 291556 178065152    0    0     0     0 1395 2477  0  0 100  0  0
 0  0      0 319301408 291556 178065168    0    0     0    12 1407 2516  0  0 100  0  0
 0  0      0 319301408 291556 178065184    0    0     0     0 1322 2393  0  0 100  0  0
 0  0      0 319301280 291556 178065184    0    0     0     0 1409 2475  0  0 100  0  0
 0  0      0 319301408 291556 178065216    0    0     0     0 1338 2356  0  0 100  0  0
 0  0      0 319301408 291556 178065216    0    0     0    64 1410 2475  0  0 100  0  0
 0  0      0 319301408 291556 178065216    0    0     0    16 1381 2551  0  0 100  0  0
 0  0      0 319301280 291556 178065248    0    0     0     0 1433 2538  0  0 100  0  0
 0  0      0 319301536 291556 178065248    0    0     0     0 1374 2388  0  0 100  0  0
 1  0      0 319301536 291556 178065248    0    0     0     0 1302 2331  0  0 100  0  0
 0  0      0 319301408 291556 178065280    0    0     0   372 1539 2599  0  0 100  0  0
 0  0      0 319301504 291556 178065280    0    0     0    16 1485 2678  0  0 100  0  0
 0  0      0 319301536 291556 178065296    0    0     0     0 1295 2357  0  0 100  0  0
 0  0      0 319301536 291556 178065312    0    0     0    20 1346 2393  0  0 100  0  0
 0  0      0 319301536 291560 178065312    0    0     0    40 1335 2398  0  0 100  0  0
 0  0      0 319301536 291560 178065328    0    0     0     0 1527 2670  0  0 100  0  0
 0  0      0 319301408 291560 178065344    0    0     0    12 1381 2517  0  0 100  0  0
 0  0      0 319301408 291560 178065344    0    0     0     0 1302 2340  0  0 100  0  0
 0  0      0 319301536 291560 178065360    0    0     0     0 1393 2422  0  0 100  0  0
 0  0      0 319273216 291560 178099216    0    0     0     0 18123 13540  0  0 100  0  0
 0  0      0 319252928 291560 178116832    0    0     0    36 7505 7048  0  0 100  0  0
procs -----------memory---------- ---swap-- -----io---- -system-- ------cpu-----
 r  b   swpd   free   buff  cache   si   so    bi    bo   in   cs us sy id wa st
 0  0      0 319252352 291560 178117504    0    0     0    28 1393 2537  0  0 100  0  0
 0  0      0 319252224 291560 178117536    0    0     0     0 1359 2407  0  0 100  0  0
 0  0      0 319250944 291560 178117664    0    0     0     0 1408 2470  0  0 100  0  0
 0  0      0 319250816 291560 178117696    0    0     0 51144 1743 2354  0  0 100  0  0
 0  0      0 319251008 291560 178117696    0    0     0   220 1451 2522  0  0 100  0  0
 1  0      0 319251008 291560 178117696    0    0     0    12 1402 2558  0  0 100  0  0
 0  0      0 319251008 291560 178117712    0    0     0     0 1398 2497  0  0 100  0  0
 2  0      0 319243584 291560 178117712    0    0     0     0 2697 3292  0  0 100  0  0
