procs -----------memory---------- ---swap-- -----io---- -system-- ------cpu-----
 r  b   swpd   free   buff  cache   si   so    bi    bo   in   cs us sy id wa st
 2  0      0 102506800 125156 19014488    0    0     1     8    0    1  0  0 100  0  0
 1  0      0 102504560 125156 19014500    0    0     0     0 1631 2545  0  0 100  0  0
 0  0      0 102504240 125156 19014504    0    0     0     0 1486 2565  0  0 100  0  0
 0  0      0 102504112 125156 19014504    0    0     0     0 1411 2452  0  0 100  0  0
 0  0      0 102505168 125156 19014504    0    0     0     0 1329 2398  0  0 100  0  0
 1  0      0 102557088 125156 18962360    0    0     0    16 1479 2633  0  0 100  0  0
 1  0      0 102557088 125156 18962360    0    0     0     0 1618 2666  0  0 100  0  0
 1  0      0 102556224 125156 18962248    0    0     0    12 2408 3048  0  0 100  0  0
 1  0      0 102556408 125156 18962268    0    0     0     0 2459 2990  0  0 100  0  0
 1  0      0 102556440 125156 18962268    0    0     0     0 2825 3177  0  0 100  0  0
 0  0      0 102556544 125168 18962256    0    0     0   100 2741 3279  0  0 100  0  0
 0  0      0 102556544 125168 18962256    0    0     0     0 2777 3138  0  0 100  0  0
 0  0      0 102556544 125168 18962256    0    0     0    12 2678 3156  0  0 100  0  0
 0  0      0 102556544 125168 18962256    0    0     0     0 1589 2539  0  0 100  0  0
 0  0      0 102556544 125168 18962256    0    0     0     0 2109 2900  0  0 100  0  0
 0  0      0 102556544 125168 18962256    0    0     0    16 3489 3559  0  0 100  0  0
 0  0      0 102556880 125168 18962356    0    0     0   360 1870 2744  0  0 100  0  0
 0  0      0 102556736 125168 18962368    0    0     0    44 3297 3432  0  0 100  0  0
 0  0      0 102556736 125168 18962368    0    0     0    68 3141 3473  0  0 100  0  0
 0  0      0 102556736 125168 18962368    0    0     0     0 1878 2763  0  0 100  0  0
 0  0      0 102556736 125180 18962356    0    0     0    52 1435 2570  0  0 100  0  0
procs -----------memory---------- ---swap-- -----io---- -system-- ------cpu-----
 r  b   swpd   free   buff  cache   si   so    bi    bo   in   cs us sy id wa st
 0  0      0 102556736 125180 18962356    0    0     0     0 1626 2597  0  0 100  0  0
 0  0      0 102556736 125180 18962356    0    0     0     0 1603 2582  0  0 100  0  0
 0  0      0 102556736 125180 18962356    0    0     0     0 3565 3440  0  0 100  0  0
 0  0      0 102556736 125180 18962356    0    0     0     0 3496 3436  0  0 100  0  0
 0  0      0 102556736 125180 18962356    0    0     0    12 1710 2744  0  0 100  0  0
 0  0      0 102556736 125180 18962356    0    0     0     0 2396 3059  0  0 100  0  0
 0  0      0 102556736 125180 18962356    0    0     0    12 3444 3368  0  0 100  0  0
 0  0      0 102556736 125180 18962356    0    0     0     0 2942 3253  0  0 100  0  0
 0  0      0 102556736 125180 18962356    0    0     0     0 1569 2548  0  0 100  0  0
 0  0      0 102556736 125180 18962356    0    0     0    12 1457 2658  0  0 100  0  0
 0  0      0 102556736 125180 18962356    0    0     0     0 1362 2443  0  0 100  0  0
 0  0      0 102556736 125180 18962356    0    0     0   380 1411 2446  0  0 100  0  0
 0  0      0 102556736 125180 18962356    0    0     0     0 1395 2430  0  0 100  0  0
 0  0      0 102556736 125180 18962356    0    0     0     0 1461 2570  0  0 100  0  0
 0  0      0 102556736 125180 18962356    0    0     0    20 1435 2604  0  0 100  0  0
 0  0      0 102556736 125180 18962356    0    0     0     0 1398 2450  0  0 100  0  0
 1  0      0 102556736 125180 18962356    0    0     0    20 1411 2451  0  0 100  0  0
 1  0      0 102556736 125180 18962356    0    0     0     0 1471 2534  0  0 100  0  0
 1  0      0 102556736 125180 18962356    0    0     0     0 1391 2464  0  0 100  0  0
 0  0      0 102556736 125180 18962356    0    0     0    16 1377 2513  0  0 100  0  0
 0  0      0 102556736 125180 18962356    0    0     0     0 1367 2526  0  0 100  0  0
procs -----------memory---------- ---swap-- -----io---- -system-- ------cpu-----
 r  b   swpd   free   buff  cache   si   so    bi    bo   in   cs us sy id wa st
 0  0      0 102556736 125180 18962356    0    0     0    12 1469 2546  0  0 100  0  0
 0  0      0 102556208 125180 18962356    0    0     0     0 1334 2408  0  0 100  0  0
 0  0      0 102556208 125180 18962356    0    0     0     0 1367 2452  0  0 100  0  0
 0  0      0 102556208 125180 18962356    0    0     0    12 1472 2632  0  0 100  0  0
 0  0      0 102556552 125180 18962692    0    0     0   196 1512 2698  0  0 100  0  0
 0  0      0 102556824 125180 18962692    0    0     0    48 1508 2478  0  0 100  0  0
 0  0      0 102556944 125180 18962716    0    0     0     0 1362 2401  0  0 100  0  0
 0  0      0 102556848 125180 18962716    0    0     0     0 1416 2540  0  0 100  0  0
 1  0      0 102556848 125180 18962716    0    0     0    48 1503 2694  0  0 100  0  0
 0  0      0 102556848 125180 18962716    0    0     0     0 1329 2431  0  0 100  0  0
 0  0      0 102556848 125180 18962716    0    0     0     0 1390 2388  0  0 100  0  0
 0  0      0 102556848 125180 18962716    0    0     0     0 1416 2460  0  0 100  0  0
 0  0      0 102556848 125180 18962716    0    0     0     0 1437 2594  0  0 100  0  0
 0  0      0 102556848 125180 18962716    0    0     0    12 1416 2562  0  0 100  0  0
 0  0      0 102556848 125180 18962716    0    0     0     0 1411 2500  0  0 100  0  0
 0  0      0 102556848 125180 18962716    0    0     0    12 1465 2456  0  0 100  0  0
 0  0      0 102556848 125180 18962716    0    0     0     0 1407 2518  0  0 100  0  0
 0  0      0 102556848 125180 18962716    0    0     0    16 1399 2549  0  0 100  0  0
 0  0      0 102556848 125180 18962716    0    0     0    12 1393 2547  0  0 100  0  0
 0  0      0 102556848 125180 18962716    0    0     0     0 1380 2488  0  0 100  0  0
 0  0      0 102556848 125180 18962716    0    0     0     0 1459 2556  0  0 100  0  0
procs -----------memory---------- ---swap-- -----io---- -system-- ------cpu-----
 r  b   swpd   free   buff  cache   si   so    bi    bo   in   cs us sy id wa st
 0  0      0 102556848 125180 18962716    0    0     0     0 1371 2415  0  0 100  0  0
 3  0      0 102556848 125180 18962716    0    0     0     0 1383 2468  0  0 100  0  0
 0  0      0 102556848 125180 18962716    0    0     0    12 1433 2614  0  0 100  0  0
 0  0      0 102556848 125180 18962716    0    0     0     0 1440 2604  0  0 100  0  0
 0  0      0 102556848 125180 18962716    0    0     0   428 1441 2437  0  0 100  0  0
 0  0      0 102556848 125180 18962716    0    0     0     0 1350 2368  0  0 100  0  0
 0  0      0 102556848 125180 18962716    0    0     0     0 1375 2483  0  0 100  0  0
 0  0      0 102556848 125180 18962716    0    0     0    16 1471 2670  0  0 100  0  0
 0  0      0 102556848 125180 18962716    0    0     0     0 1402 2493  0  0 100  0  0
 0  0      0 102556848 125180 18962716    0    0     0    16 1354 2395  0  0 100  0  0
 0  0      0 102556848 125180 18962716    0    0     0     0 1335 2424  0  0 100  0  0
 0  0      0 102556320 125180 18962716    0    0     0     0 1490 2592  0  0 100  0  0
 0  0      0 102556320 125180 18962716    0    0     0    12 1410 2598  0  0 100  0  0
 0  0      0 102556880 125180 18963032    0    0     0   256 1376 2563  0  0 100  0  0
 0  0      0 102556880 125180 18963032    0    0     0    44 1470 2507  0  0 100  0  0
 1  0      0 102556976 125180 18963060    0    0     0     0 1426 2553  0  0 100  0  0
 0  0      0 102556880 125180 18963060    0    0     0     0 1391 2492  0  0 100  0  0
 0  0      0 102556880 125180 18963060    0    0     0    12 1402 2536  0  0 100  0  0
 0  0      0 102556880 125180 18963060    0    0     0     0 1387 2506  0  0 100  0  0
 0  0      0 102556880 125180 18963060    0    0     0     0 1491 2544  0  0 100  0  0
 0  0      0 102556880 125180 18963060    0    0     0     0 1343 2382  0  0 100  0  0
procs -----------memory---------- ---swap-- -----io---- -system-- ------cpu-----
 r  b   swpd   free   buff  cache   si   so    bi    bo   in   cs us sy id wa st
 0  0      0 102556880 125180 18963060    0    0     0     0 1331 2424  0  0 100  0  0
 0  0      0 102556880 125180 18963060    0    0     0    12 1465 2653  0  0 100  0  0
 0  0      0 102556880 125180 18963060    0    0     0     0 1449 2574  0  0 100  0  0
 0  0      0 102556880 125180 18963060    0    0     0    12 1387 2396  0  0 100  0  0
 0  0      0 102556880 125180 18963060    0    0     0     0 1338 2362  0  0 100  0  0
 0  0      0 102556880 125180 18963060    0    0     0     0 1410 2486  0  0 100  0  0
 0  0      0 102556880 125180 18963060    0    0     0    12 1497 2652  0  0 100  0  0
 0  0      0 102556880 125180 18963060    0    0     0     0 1374 2484  0  0 100  0  0
 0  0      0 102556880 125180 18963060    0    0     0     0 1374 2398  0  0 100  0  0
 0  0      0 102556880 125180 18963060    0    0     0     0 1340 2445  0  0 100  0  0
 0  0      0 102556880 125180 18963060    0    0     0     0 1441 2584  0  0 100  0  0
 0  0      0 102556880 125180 18963060    0    0     0    12 1424 2572  0  0 100  0  0
 0  0      0 102556880 125180 18963060    0    0     0     0 1374 2468  0  0 100  0  0
 0  0      0 102556880 125180 18963060    0    0     0    12 1473 2488  0  0 100  0  0
 0  0      0 102556880 125180 18963060    0    0     0     0 1405 2496  0  0 100  0  0
 0  0      0 102556880 125180 18963060    0    0     0     0 1372 2444  0  0 100  0  0
 0  0      0 102556880 125180 18963060    0    0     0    12 1386 2550  0  0 100  0  0
 0  0      0 102556880 125180 18963060    0    0     0     0 1405 2522  0  0 100  0  0
 0  0      0 102556880 125180 18963060    0    0     0   424 1475 2552  0  0 100  0  0
 0  0      0 102556880 125180 18963060    0    0     0     0 1380 2420  0  0 100  0  0
 0  0      0 102556880 125180 18963060    0    0     0     0 1374 2410  0  0 100  0  0
procs -----------memory---------- ---swap-- -----io---- -system-- ------cpu-----
 r  b   swpd   free   buff  cache   si   so    bi    bo   in   cs us sy id wa st
 0  0      0 102556352 125180 18963060    0    0     0    16 1421 2600  0  0 100  0  0
 0  0      0 102556760 125180 18963392    0    0     0   172 1485 2674  0  0 100  0  0
 0  0      0 102556760 125180 18963392    0    0     0    44 1434 2436  0  0 100  0  0
 0  0      0 102556880 125192 18963404    0    0     0    36 1351 2437  0  0 100  0  0
 0  0      0 102556880 125192 18963404    0    0     0     0 1381 2492  0  0 100  0  0
 0  0      0 102556880 125192 18963404    0    0     0    12 1503 2681  0  0 100  0  0
 0  0      0 102556880 125192 18963404    0    0     0     0 1388 2475  0  0 100  0  0
 0  0      0 102556880 125192 18963404    0    0     0     0 1372 2394  0  0 100  0  0
 0  0      0 102556880 125192 18963404    0    0     0     0 1371 2441  0  0 100  0  0
 0  0      0 102556880 125192 18963404    0    0     0     0 1437 2570  0  0 100  0  0
 0  0      0 102556880 125192 18963404    0    0     0    12 1392 2540  0  0 100  0  0
 0  0      0 102556880 125192 18963404    0    0     0     0 1364 2462  0  0 100  0  0
 0  0      0 102556880 125192 18963404    0    0     0    12 1454 2502  0  0 100  0  0
 0  0      0 102557128 125192 18963412    0    0     0     0 1462 2535  0  0 100  0  0
 0  0      0 102557128 125192 18963412    0    0     0    16 1400 2504  0  0 100  0  0
 0  0      0 102557128 125192 18963412    0    0     0    12 1400 2540  0  0 100  0  0
 0  0      0 102557128 125192 18963412    0    0     0     0 1397 2510  0  0 100  0  0
 0  0      0 102557128 125192 18963412    0    0     0     0 1436 2534  0  0 100  0  0
 0  0      0 102557128 125192 18963412    0    0     0     0 1343 2401  0  0 100  0  0
 0  0      0 102557128 125192 18963412    0    0     0     0 1376 2468  0  0 100  0  0
 0  0      0 102557128 125192 18963412    0    0     0    12 1450 2624  0  0 100  0  0
procs -----------memory---------- ---swap-- -----io---- -system-- ------cpu-----
 r  b   swpd   free   buff  cache   si   so    bi    bo   in   cs us sy id wa st
 0  0      0 102557128 125192 18963412    0    0     0     0 1449 2594  0  0 100  0  0
 0  0      0 102557128 125192 18963412    0    0     0    40 1405 2409  0  0 100  0  0
 0  0      0 102557128 125192 18963412    0    0     0     0 1325 2356  0  0 100  0  0
 0  0      0 102557128 125192 18963412    0    0     0     0 1393 2516  0  0 100  0  0
 0  0      0 102557128 125192 18963412    0    0     0    16 1495 2716  0  0 100  0  0
 0  0      0 102557128 125192 18963412    0    0     0     0 1389 2481  0  0 100  0  0
 0  0      0 102557128 125192 18963412    0    0     0    12 1386 2396  0  0 100  0  0
 0  0      0 102557128 125192 18963412    0    0     0     0 1364 2448  0  0 100  0  0
 0  0      0 102557128 125192 18963412    0    0     0     0 1472 2618  0  0 100  0  0
 0  0      0 102557128 125192 18963412    0    0     0    16 1408 2594  0  0 100  0  0
 0  0      0 102556400 125192 18963736    0    0     0   188 1472 2663  0  0 100  0  0
 0  0      0 102556400 125192 18963736    0    0     0   452 1468 2452  0  0 100  0  0
 0  0      0 102556520 125192 18963768    0    0     0    20 1424 2551  0  0 100  0  0
 0  0      0 102556672 125192 18963768    0    0     0     0 1374 2463  0  0 100  0  0
 1  0      0 102556672 125204 18963756    0    0     0    56 1384 2508  0  0 100  0  0
 0  0      0 102556672 125204 18963756    0    0     0     0 1447 2609  0  0 100  0  0
 0  0      0 102556672 125204 18963756    0    0     0     0 1447 2517  0  0 100  0  0
 0  0      0 102556832 125204 18963756    0    0     0     0 1336 2412  0  0 100  0  0
 0  0      0 102556832 125204 18963756    0    0     0     0 1379 2460  0  0 100  0  0
 1  0      0 102524608 125204 18997600    0    0     0    12 19814 15180  0  0 100  0  0
 0  0      0 102508176 125204 19012640    0    0     0     0 7208 5870  0  0 100  0  0
procs -----------memory---------- ---swap-- -----io---- -system-- ------cpu-----
 r  b   swpd   free   buff  cache   si   so    bi    bo   in   cs us sy id wa st
 0  0      0 102508176 125204 19012640    0    0     0    12 1421 2416  0  0 100  0  0
 0  0      0 102508176 125204 19012640    0    0     0     0 1350 2398  0  0 100  0  0
 0  0      0 102508176 125204 19012640    0    0     0     0 1427 2531  0  0 100  0  0
 0  0      0 102508176 125204 19012640    0    0     0 51148 1906 2609  0  0 100  0  0
 0  0      0 102508176 125212 19012632    0    0     0   180 1433 2552  0  0 100  0  0
 0  0      0 102508176 125212 19012632    0    0     0     0 1362 2358  0  0 100  0  0
 1  0      0 102504272 125212 19016284    0    0     0     0 1445 2605  0  0 100  0  0
