0 0.94 0.72 0.00
1 9.98 14.56 0.00
2 0.47 1.23 0.00
3 5.99 114.82 0.00
4 9.69 10.03 0.00
5 0.75 1.87 0.00
6 0.43 2.36 0.00
7 0.36 0.72 0.00
8 2.12 111.02 0.00
9 9.86 10.50 0.00
10 4.90 5.18 0.00
11 5.14 7.37 0.00
12 5.41 5.31 0.00
13 6.34 115.51 0.00
14 0.94 1.70 0.00
15 0.94 0.72 0.00
16 0.68 4.91 0.00
17 5.29 6.35 0.00
18 2.16 110.50 0.00
19 4.98 5.40 0.00
20 0.47 1.23 0.00
21 5.76 7.48 0.00
22 4.90 5.18 0.00
23 2.33 110.86 0.00
24 1.18 0.95 0.00
25 0.64 1.35 0.00
26 14.67 16.57 0.00
27 0.36 0.72 0.00
28 6.15 114.98 0.00
29 0.89 1.94 0.00
30 5.41 5.31 0.00
31 5.16 9.40 0.00
32 4.94 5.83 0.00
33 6.53 115.45 0.00
34 9.92 10.20 0.00
35 5.00 5.85 0.00
36 0.48 2.36 0.00
37 0.70 1.35 0.00
38 6.96 115.50 0.00
39 0.56 0.86 0.00
40 4.84 5.25 0.00
41 1.39 3.53 0.00
42 9.44 9.72 0.00
43 1.54 110.34 0.00
44 1.29 1.47 0.00
45 9.72 10.36 0.00
46 5.29 9.39 0.00
47 1.10 1.24 0.00
48 10.32 119.58 0.00
49 0.78 1.42 0.00
50 9.55 10.31 0.00
51 1.00 2.38 0.00
52 0.42 0.71 0.00
53 6.83 115.97 0.00
54 1.41 1.18 0.00
55 4.84 5.19 0.00
56 14.80 16.44 0.00
57 5.18 5.95 0.00
58 1.63 110.50 0.00
59 1.18 1.38 0.00
60 4.97 5.18 0.00
61 5.44 10.16 0.00
62 4.94 5.71 0.00
63 6.12 114.82 0.00
64 0.60 0.94 0.00
65 0.81 1.87 0.00
66 0.48 2.36 0.00
67 5.54 5.19 0.00
68 10.82 120.11 0.00
69 9.73 10.63 0.00
70 0.94 0.71 0.00
71 5.01 7.44 0.00
72 0.42 0.71 0.00
73 2.31 110.97 0.00
74 10.15 10.66 0.00
75 0.36 0.72 0.00
76 5.16 9.52 0.00
77 1.38 1.87 0.00
78 1.89 110.50 0.00
79 4.98 5.40 0.00
80 5.52 5.71 0.00
81 0.71 3.00 0.00
82 5.47 5.31 0.00
83 2.29 110.90 0.00
84 0.61 0.95 0.00
85 1.28 1.39 0.00
86 5.20 7.40 0.00
87 4.96 5.24 0.00
88 2.38 110.50 0.00
89 0.89 1.94 0.00
90 4.84 5.31 0.00
91 5.29 9.40 0.00
92 0.53 1.27 0.00
93 1.83 110.97 0.00
94 5.44 5.66 0.00
95 9.48 10.32 0.00
96 4.96 6.90 0.00
97 1.34 1.39 0.00
98 6.31 118.46 0.00
99 4.98 5.46 0.00
100 1.00 0.71 0.00
101 0.81 3.53 0.00
102 0.48 0.75 0.00
103 6.38 114.88 0.00
104 9.79 10.56 0.00
105 0.64 1.35 0.00
106 5.87 9.39 0.00
107 0.58 1.28 0.00
108 5.85 115.11 0.00
109 5.83 6.03 0.00
110 0.47 1.23 0.00
111 1.00 2.38 0.00
112 5.60 5.22 0.00
113 6.46 115.97 0.00
114 5.38 5.66 0.00
115 5.41 5.26 0.00
116 0.53 2.89 0.00
117 0.70 1.35 0.00
118 11.45 119.45 0.00
119 5.08 5.98 0.00
120 0.36 0.71 0.00
121 5.44 10.09 0.00
122 0.47 1.23 0.00
123 5.87 114.82 0.00
124 5.15 5.43 0.00
125 5.29 6.35 0.00
126 5.48 6.97 0.00
127 0.36 0.72 0.00
128 6.02 115.50 0.00
129 5.96 5.90 0.00
130 0.36 0.71 0.00
131 9.55 11.98 0.00
132 0.94 0.71 0.00
133 2.00 110.97 0.00
134 5.48 6.31 0.00
135 0.42 0.72 0.00
136 5.86 9.39 0.00
137 0.75 1.87 0.00
138 5.78 115.04 0.00
139 5.55 5.40 0.00
140 5.01 5.71 0.00
141 1.34 3.00 0.00
142 0.94 0.71 0.00
143 5.85 115.40 0.00
144 5.79 5.43 0.00
145 0.64 1.35 0.00
146 5.20 7.36 0.00
147 5.41 5.32 0.00
148 6.04 115.11 0.00
149 0.89 1.94 0.00
150 4.97 5.18 0.00
151 9.64 14.07 0.00
152 5.13 5.71 0.00
153 6.33 115.58 0.00
154 0.84 1.18 0.00
155 0.47 1.24 0.00
156 1.00 2.36 0.00
157 5.24 5.82 0.00
158 6.46 115.63 0.00
159 5.55 5.40 0.00
160 0.36 0.71 0.00
161 0.87 3.53 0.00
162 5.41 5.31 0.00
163 6.25 114.82 0.00
164 5.25 6.01 0.00
165 1.28 1.35 0.00
166 0.74 4.91 0.00
167 9.55 10.19 0.00
168 53813.41 20927.80 0.00
169 5.26 5.96 0.00
