0 0.99 0.94 0.00
1 10.52 79.17 0.00
2 0.43 2.05 0.00
3 4.79 5.31 0.00
4 9.49 10.38 0.00
5 4.75 825.51 0.00
6 14.61 7063.00 0.00
7 13.18 6556.34 0.00
8 16.15 7912.26 0.00
9 22.41 6704.60 0.00
10 23.10 9436.54 0.00
11 16.64 5775.36 0.00
12 5.99 119.31 0.00
13 20.81 8275.01 0.00
14 16.09 8209.78 0.00
15 14.03 6861.63 0.00
16 23.54 11670.00 0.00
17 21.29 8594.45 0.00
18 1.07 29.19 0.00
19 5.02 5.84 0.00
20 19.74 10080.62 0.00
21 32.66 13868.08 0.00
22 9.91 2532.38 0.00
23 3.27 1134.01 0.00
24 23.56 11934.43 0.00
25 23.35 12080.63 0.00
26 31.32 8360.62 0.00
27 0.31 0.76 0.00
28 4.88 5.77 0.00
29 0.31 0.77 0.00
30 5.65 5.49 0.00
31 5.97 74.69 0.00
32 5.03 6.52 0.00
33 4.84 5.38 0.00
34 9.42 10.38 0.00
35 4.97 5.25 0.00
36 1.06 68.35 0.00
37 0.47 1.29 0.00
38 5.35 5.38 0.00
39 0.37 0.77 0.00
40 5.05 5.94 0.00
41 1.82 68.35 0.00
42 9.37 9.79 0.00
43 0.42 1.29 0.00
44 0.87 0.77 0.00
45 9.33 9.85 0.00
46 5.78 74.75 0.00
47 1.07 2.05 0.00
48 9.38 9.79 0.00
49 0.42 1.29 0.00
50 9.49 10.03 0.00
51 1.72 68.35 0.00
52 0.46 1.29 0.00
53 5.36 5.25 0.00
54 0.87 0.77 0.00
55 4.89 5.77 0.00
56 15.40 82.04 0.00
57 4.97 5.25 0.00
58 0.40 1.29 0.00
59 0.88 0.77 0.00
60 4.88 5.55 0.00
61 5.92 74.63 0.00
62 4.90 6.52 0.00
63 4.84 5.25 0.00
64 0.40 1.29 0.00
65 0.37 0.77 0.00
66 1.29 68.35 0.00
67 5.53 5.84 0.00
68 9.38 9.85 0.00
69 9.52 9.73 0.00
70 1.09 1.47 0.00
71 5.62 72.83 0.00
72 0.36 0.77 0.00
73 0.99 1.29 0.00
74 9.25 9.98 0.00
75 0.31 0.77 0.00
76 5.85 74.63 0.00
77 1.07 2.05 0.00
78 0.30 0.77 0.00
79 4.96 5.77 0.00
80 5.46 5.42 0.00
81 1.15 68.35 0.00
82 5.64 5.77 0.00
83 0.94 0.77 0.00
84 0.30 0.77 0.00
85 1.05 1.29 0.00
86 6.05 72.96 0.00
87 4.90 5.25 0.00
88 0.98 1.29 0.00
89 0.31 0.77 0.00
90 5.01 5.42 0.00
91 5.73 74.75 0.00
92 0.48 2.05 0.00
93 0.37 0.77 0.00
94 4.88 5.90 0.00
95 9.45 9.73 0.00
96 5.61 72.83 0.00
97 1.11 1.29 0.00
98 4.77 5.38 0.00
99 4.91 5.25 0.00
100 1.15 1.47 0.00
101 1.02 68.35 0.00
102 0.41 0.77 0.00
103 5.53 5.77 0.00
104 9.38 9.85 0.00
105 0.31 0.77 0.00
106 6.17 74.75 0.00
107 0.55 2.05 0.00
108 4.90 5.25 0.00
109 5.60 5.77 0.00
110 0.40 0.94 0.00
111 1.46 68.35 0.00
112 5.51 5.84 0.00
113 4.79 5.38 0.00
114 4.77 5.31 0.00
115 5.53 5.77 0.00
116 1.39 68.35 0.00
117 0.37 0.77 0.00
118 9.93 10.51 0.00
119 4.91 5.25 0.00
120 0.40 0.94 0.00
121 5.67 74.63 0.00
122 0.43 2.05 0.00
123 4.79 5.38 0.00
124 4.88 5.84 0.00
125 4.79 5.31 0.00
126 6.19 72.83 0.00
127 0.42 1.29 0.00
128 4.77 5.25 0.00
129 5.36 5.38 0.00
130 0.51 1.47 0.00
131 10.04 77.37 0.00
132 0.87 0.77 0.00
133 0.47 1.34 0.00
134 4.96 5.29 0.00
135 0.37 0.81 0.00
136 6.53 74.73 0.00
137 0.44 2.05 0.00
138 4.84 5.25 0.00
139 5.53 5.77 0.00
140 4.88 5.49 0.00
141 1.95 68.39 0.00
142 0.98 1.29 0.00
143 4.85 5.25 0.00
144 5.35 5.38 0.00
145 0.42 1.29 0.00
146 5.41 73.00 0.00
147 5.49 5.25 0.00
148 5.01 5.77 0.00
149 0.31 0.77 0.00
150 4.95 7.40 0.00
151 10.46 79.14 0.00
152 4.90 6.65 0.00
153 4.91 5.25 0.00
154 0.40 1.29 0.00
155 0.31 0.77 0.00
156 1.52 68.35 0.00
157 4.95 5.88 0.00
158 4.90 5.25 0.00
159 5.43 5.25 0.00
160 0.51 1.47 0.00
161 1.36 67.68 0.00
162 5.54 5.29 0.00
163 4.95 5.90 0.00
164 4.90 5.25 0.00
165 0.94 0.77 0.00
166 1.43 70.15 0.00
167 9.39 11.13 0.00
168 53928.36 34272.92 0.00
169 4.96 5.77 0.00
