1 0.00 0.53 0.11 3.88 3.01 95.15 49.27 0.01 3.56 0.81 3.64 0.10 0.04
2 0.00 0.00 0.00 0.00 0.00 0.00 0.00 0.00 0.00 0.00 0.00 0.00 0.00
3 0.00 0.00 0.00 3.00 0.00 8.00 5.33 0.00 0.00 0.00 0.00 0.00 0.00
4 0.00 0.00 0.00 5.00 0.00 28.00 11.20 0.00 0.00 0.00 0.00 0.00 0.00
5 0.00 0.00 0.00 3.00 0.00 8.00 5.33 0.00 0.33 0.00 0.33 0.33 0.10
6 0.00 0.00 0.00 3.00 0.00 24.00 16.00 0.00 0.00 0.00 0.00 0.00 0.00
7 0.00 0.00 0.00 4.00 0.00 24.00 12.00 0.00 0.00 0.00 0.00 0.00 0.00
8 0.00 0.00 0.00 4.00 0.00 16.00 8.00 0.00 0.00 0.00 0.00 0.00 0.00
9 0.00 0.00 0.00 4.00 0.00 16.00 8.00 0.00 0.00 0.00 0.00 0.00 0.00
10 0.00 5.00 0.00 35.00 0.00 424.00 24.23 0.02 0.54 0.00 0.54 0.03 0.10
11 0.00 0.00 0.00 0.00 0.00 0.00 0.00 0.00 0.00 0.00 0.00 0.00 0.00
12 0.00 0.00 0.00 3.00 0.00 12.00 8.00 0.00 0.33 0.00 0.33 0.33 0.10
13 0.00 0.00 0.00 0.00 0.00 0.00 0.00 0.00 0.00 0.00 0.00 0.00 0.00
14 0.00 0.00 0.00 14.00 0.00 180.00 25.71 0.00 0.00 0.00 0.00 0.00 0.00
15 0.00 0.00 0.00 0.00 0.00 0.00 0.00 0.00 0.00 0.00 0.00 0.00 0.00
16 0.00 0.00 0.00 0.00 0.00 0.00 0.00 0.00 0.00 0.00 0.00 0.00 0.00
17 0.00 0.00 0.00 3.00 0.00 24.00 16.00 0.00 0.00 0.00 0.00 0.00 0.00
18 0.00 0.00 0.00 0.00 0.00 0.00 0.00 0.00 0.00 0.00 0.00 0.00 0.00
19 0.00 0.00 0.00 6.00 0.00 72.00 24.00 0.00 0.00 0.00 0.00 0.00 0.00
20 0.00 0.00 0.00 0.00 0.00 0.00 0.00 0.00 0.00 0.00 0.00 0.00 0.00
21 0.00 0.00 0.00 3.00 0.00 16.00 10.67 0.00 0.00 0.00 0.00 0.00 0.00
22 0.00 116.00 0.00 253.00 0.00 71076.00 561.87 8.48 33.53 0.00 33.53 0.57 14.30
23 0.00 0.00 0.00 5.00 0.00 44.00 17.60 0.00 0.00 0.00 0.00 0.00 0.00
24 0.00 0.00 0.00 6.00 0.00 32.00 10.67 0.00 0.00 0.00 0.00 0.00 0.00
25 0.00 0.00 0.00 7.00 0.00 36.00 10.29 0.00 0.14 0.00 0.14 0.14 0.10
26 0.00 0.00 0.00 0.00 0.00 0.00 0.00 0.00 0.00 0.00 0.00 0.00 0.00
27 0.00 0.00 0.00 20.00 0.00 7016.00 701.60 0.09 4.25 0.00 4.25 0.75 1.50
28 0.00 0.00 0.00 3.00 0.00 12.00 8.00 0.00 0.00 0.00 0.00 0.00 0.00
29 0.00 0.00 0.00 4.00 0.00 24.00 12.00 0.00 0.00 0.00 0.00 0.00 0.00
30 0.00 0.00 0.00 3.00 0.00 20.00 13.33 0.00 0.33 0.00 0.33 0.33 0.10
31 0.00 0.00 0.00 0.00 0.00 0.00 0.00 0.00 0.00 0.00 0.00 0.00 0.00
32 0.00 0.00 0.00 3.00 0.00 12.00 8.00 0.00 0.00 0.00 0.00 0.00 0.00
33 0.00 0.00 0.00 0.00 0.00 0.00 0.00 0.00 0.00 0.00 0.00 0.00 0.00
34 0.00 0.00 0.00 13.00 0.00 116.00 17.85 0.00 0.00 0.00 0.00 0.00 0.00
35 0.00 0.00 0.00 2.00 0.00 12.00 12.00 0.00 0.50 0.00 0.50 0.50 0.10
36 0.00 0.00 0.00 3.00 0.00 16.00 10.67 0.00 0.00 0.00 0.00 0.00 0.00
37 0.00 0.00 0.00 0.00 0.00 0.00 0.00 0.00 0.00 0.00 0.00 0.00 0.00
38 0.00 0.00 0.00 0.00 0.00 0.00 0.00 0.00 0.00 0.00 0.00 0.00 0.00
39 0.00 0.00 0.00 15.00 0.00 76.00 10.13 0.00 0.00 0.00 0.00 0.00 0.00
40 0.00 6.00 0.00 26.00 0.00 380.00 29.23 0.02 0.73 0.00 0.73 0.04 0.10
41 0.00 0.00 0.00 5.00 0.00 24.00 9.60 0.00 0.00 0.00 0.00 0.00 0.00
42 0.00 0.00 0.00 0.00 0.00 0.00 0.00 0.00 0.00 0.00 0.00 0.00 0.00
43 0.00 0.00 0.00 5.00 0.00 48.00 19.20 0.00 0.00 0.00 0.00 0.00 0.00
44 0.00 6.00 0.00 67.00 0.00 1148.00 34.27 0.02 0.27 0.00 0.27 0.04 0.30
