1 0.00 0.53 0.17 3.90 3.10 117.70 59.45 0.02 4.96 0.66 5.15 0.11 0.04
2 0.00 0.00 0.00 9.00 0.00 80.00 17.78 0.00 0.00 0.00 0.00 0.00 0.00
3 0.00 0.00 0.00 0.00 0.00 0.00 0.00 0.00 0.00 0.00 0.00 0.00 0.00
4 0.00 0.00 0.00 0.00 0.00 0.00 0.00 0.00 0.00 0.00 0.00 0.00 0.00
5 0.00 0.00 0.00 3.00 0.00 12.00 8.00 0.00 0.00 0.00 0.00 0.00 0.00
6 0.00 0.00 0.00 3.00 0.00 20.00 13.33 0.00 0.00 0.00 0.00 0.00 0.00
7 0.00 0.00 0.00 10.00 0.00 40.00 8.00 0.00 0.00 0.00 0.00 0.00 0.00
8 0.00 3.00 0.00 28.00 0.00 408.00 29.14 0.01 0.43 0.00 0.43 0.04 0.10
9 0.00 0.00 0.00 3.00 0.00 8.00 5.33 0.00 0.00 0.00 0.00 0.00 0.00
10 0.00 0.00 0.00 3.00 0.00 8.00 5.33 0.00 0.00 0.00 0.00 0.00 0.00
11 0.00 0.00 0.00 12.00 0.00 88.00 14.67 0.00 0.08 0.00 0.08 0.08 0.10
12 0.00 0.00 0.00 4.00 0.00 20.00 10.00 0.00 0.00 0.00 0.00 0.00 0.00
13 0.00 0.00 0.00 3.00 0.00 16.00 10.67 0.00 0.00 0.00 0.00 0.00 0.00
14 0.00 0.00 0.00 0.00 0.00 0.00 0.00 0.00 0.00 0.00 0.00 0.00 0.00
15 0.00 0.00 0.00 0.00 0.00 0.00 0.00 0.00 0.00 0.00 0.00 0.00 0.00
16 0.00 0.00 0.00 3.00 0.00 16.00 10.67 0.00 0.33 0.00 0.33 0.33 0.10
17 0.00 0.00 0.00 0.00 0.00 0.00 0.00 0.00 0.00 0.00 0.00 0.00 0.00
18 0.00 0.00 0.00 3.00 0.00 12.00 8.00 0.00 0.00 0.00 0.00 0.00 0.00
19 0.00 0.00 0.00 0.00 0.00 0.00 0.00 0.00 0.00 0.00 0.00 0.00 0.00
20 0.00 0.00 0.00 3.00 0.00 20.00 13.33 0.00 0.00 0.00 0.00 0.00 0.00
21 0.00 0.00 0.00 0.00 0.00 0.00 0.00 0.00 0.00 0.00 0.00 0.00 0.00
22 0.00 0.00 0.00 12.00 0.00 108.00 18.00 0.00 0.00 0.00 0.00 0.00 0.00
23 0.00 0.00 0.00 2.00 0.00 20.00 20.00 0.00 0.00 0.00 0.00 0.00 0.00
24 0.00 0.00 0.00 3.00 0.00 12.00 8.00 0.00 0.00 0.00 0.00 0.00 0.00
25 0.00 0.00 0.00 0.00 0.00 0.00 0.00 0.00 0.00 0.00 0.00 0.00 0.00
26 0.00 0.00 0.00 0.00 0.00 0.00 0.00 0.00 0.00 0.00 0.00 0.00 0.00
27 0.00 0.00 0.00 9.00 0.00 164.00 36.44 0.00 0.11 0.00 0.11 0.11 0.10
28 0.00 0.00 0.00 0.00 0.00 0.00 0.00 0.00 0.00 0.00 0.00 0.00 0.00
29 0.00 0.00 0.00 3.00 0.00 20.00 13.33 0.00 0.00 0.00 0.00 0.00 0.00
30 0.00 0.00 0.00 0.00 0.00 0.00 0.00 0.00 0.00 0.00 0.00 0.00 0.00
31 0.00 0.00 0.00 4.00 0.00 20.00 10.00 0.00 0.00 0.00 0.00 0.00 0.00
32 0.00 0.00 0.00 15.00 0.00 444.00 59.20 0.00 0.07 0.00 0.07 0.07 0.10
33 0.00 0.00 0.00 9.00 0.00 48.00 10.67 0.00 0.00 0.00 0.00 0.00 0.00
34 0.00 0.00 0.00 3.00 0.00 12.00 8.00 0.00 0.00 0.00 0.00 0.00 0.00
35 0.00 0.00 0.00 3.00 0.00 16.00 10.67 0.00 0.00 0.00 0.00 0.00 0.00
36 0.00 0.00 0.00 0.00 0.00 0.00 0.00 0.00 0.00 0.00 0.00 0.00 0.00
37 0.00 0.00 0.00 12.00 0.00 152.00 25.33 0.00 0.00 0.00 0.00 0.00 0.00
38 0.00 6.00 0.00 42.00 0.00 496.00 23.62 0.02 0.48 0.00 0.48 0.02 0.10
39 0.00 0.00 0.00 0.00 0.00 0.00 0.00 0.00 0.00 0.00 0.00 0.00 0.00
40 0.00 0.00 0.00 3.00 0.00 12.00 8.00 0.00 0.00 0.00 0.00 0.00 0.00
41 0.00 3.00 0.00 48.00 0.00 740.00 30.83 0.02 0.48 0.00 0.48 0.04 0.20
42 0.00 1.00 0.00 45.00 0.00 1008.00 44.80 0.05 1.02 0.00 1.02 0.04 0.20
43 0.00 0.00 0.00 0.00 0.00 0.00 0.00 0.00 0.00 0.00 0.00 0.00 0.00
