1 0.00 0.49 0.17 3.93 3.05 97.56 49.14 0.01 3.49 0.67 3.61 0.10 0.04
2 0.00 0.00 0.00 3.00 0.00 12.00 8.00 0.00 0.00 0.00 0.00 0.00 0.00
3 0.00 0.00 0.00 3.00 0.00 12.00 8.00 0.00 0.00 0.00 0.00 0.00 0.00
4 0.00 0.00 0.00 4.00 0.00 12.00 6.00 0.00 0.00 0.00 0.00 0.00 0.00
5 0.00 0.00 0.00 0.00 0.00 0.00 0.00 0.00 0.00 0.00 0.00 0.00 0.00
6 0.00 0.00 0.00 3.00 0.00 8.00 5.33 0.00 0.00 0.00 0.00 0.33 0.10
7 0.00 0.00 0.00 0.00 0.00 0.00 0.00 0.00 0.00 0.00 0.00 0.00 0.00
8 0.00 0.00 0.00 15.00 0.00 92.00 12.27 0.00 0.00 0.00 0.00 0.00 0.00
9 0.00 0.00 0.00 0.00 0.00 0.00 0.00 0.00 0.00 0.00 0.00 0.00 0.00
10 0.00 0.00 0.00 0.00 0.00 0.00 0.00 0.00 0.00 0.00 0.00 0.00 0.00
11 0.00 0.00 0.00 3.00 0.00 16.00 10.67 0.00 0.00 0.00 0.00 0.00 0.00
12 0.00 0.00 0.00 0.00 0.00 0.00 0.00 0.00 0.00 0.00 0.00 0.00 0.00
13 0.00 0.00 0.00 4.00 0.00 20.00 10.00 0.00 0.25 0.00 0.25 0.25 0.10
14 0.00 0.00 0.00 0.00 0.00 0.00 0.00 0.00 0.00 0.00 0.00 0.00 0.00
15 0.00 0.00 0.00 3.00 0.00 20.00 13.33 0.00 0.00 0.00 0.00 0.00 0.00
16 0.00 0.00 0.00 6.00 0.00 24.00 8.00 0.00 0.17 0.00 0.17 0.17 0.10
17 0.00 0.00 0.00 3.00 0.00 16.00 10.67 0.00 0.00 0.00 0.00 0.00 0.00
18 0.00 0.00 0.00 3.00 0.00 44.00 29.33 0.00 0.00 0.00 0.00 0.00 0.00
19 0.00 6.00 0.00 35.00 0.00 468.00 26.74 0.02 0.69 0.00 0.69 0.03 0.10
20 0.00 0.00 0.00 3.00 0.00 12.00 8.00 0.00 0.00 0.00 0.00 0.00 0.00
21 0.00 0.00 0.00 0.00 0.00 0.00 0.00 0.00 0.00 0.00 0.00 0.00 0.00
22 0.00 116.00 0.00 273.00 0.00 71364.00 522.81 9.10 33.34 0.00 33.34 0.52 14.30
23 0.00 0.00 0.00 2.00 0.00 16.00 16.00 0.00 0.00 0.00 0.00 0.00 0.00
24 0.00 0.00 0.00 3.00 0.00 20.00 13.33 0.00 0.00 0.00 0.00 0.00 0.00
25 0.00 0.00 0.00 0.00 0.00 0.00 0.00 0.00 0.00 0.00 0.00 0.00 0.00
26 0.00 0.00 0.00 3.00 0.00 16.00 10.67 0.00 0.33 0.00 0.33 0.33 0.10
27 0.00 0.00 0.00 14.00 0.00 6984.00 997.71 0.09 6.57 0.00 6.57 1.00 1.40
28 0.00 0.00 0.00 12.00 0.00 76.00 12.67 0.00 0.00 0.00 0.00 0.00 0.00
29 0.00 0.00 0.00 0.00 0.00 0.00 0.00 0.00 0.00 0.00 0.00 0.00 0.00
30 0.00 0.00 0.00 0.00 0.00 0.00 0.00 0.00 0.00 0.00 0.00 0.00 0.00
31 0.00 0.00 0.00 3.00 0.00 16.00 10.67 0.00 0.00 0.00 0.00 0.00 0.00
32 0.00 0.00 0.00 0.00 0.00 0.00 0.00 0.00 0.00 0.00 0.00 0.00 0.00
33 0.00 0.00 0.00 13.00 0.00 124.00 19.08 0.00 0.00 0.00 0.00 0.00 0.00
34 0.00 0.00 0.00 3.00 0.00 16.00 10.67 0.00 0.00 0.00 0.00 0.00 0.00
35 0.00 0.00 0.00 3.00 0.00 12.00 8.00 0.00 0.00 0.00 0.00 0.00 0.00
36 0.00 0.00 0.00 4.00 0.00 16.00 8.00 0.00 0.00 0.00 0.00 0.00 0.00
37 0.00 0.00 0.00 5.00 0.00 24.00 9.60 0.00 0.20 0.00 0.20 0.20 0.10
38 0.00 0.00 0.00 18.00 0.00 100.00 11.11 0.00 0.00 0.00 0.00 0.00 0.00
39 0.00 0.00 0.00 0.00 0.00 0.00 0.00 0.00 0.00 0.00 0.00 0.00 0.00
40 0.00 0.00 0.00 6.00 0.00 44.00 14.67 0.00 0.17 0.00 0.17 0.17 0.10
41 0.00 0.00 0.00 0.00 0.00 0.00 0.00 0.00 0.00 0.00 0.00 0.00 0.00
42 0.00 0.00 0.00 3.00 0.00 28.00 18.67 0.00 0.00 0.00 0.00 0.00 0.00
43 0.00 0.00 0.00 1.00 0.00 32.00 64.00 0.00 0.00 0.00 0.00 0.00 0.00
44 0.00 0.00 0.00 5.00 0.00 48.00 19.20 0.00 0.20 0.00 0.20 0.20 0.10
45 0.00 0.00 0.00 0.00 0.00 0.00 0.00 0.00 0.00 0.00 0.00 0.00 0.00
46 0.00 0.00 0.00 3.00 0.00 8.00 5.33 0.00 0.33 0.00 0.33 0.33 0.10
47 0.00 0.00 0.00 0.00 0.00 0.00 0.00 0.00 0.00 0.00 0.00 0.00 0.00
48 0.00 0.00 0.00 19.00 0.00 292.00 30.74 0.00 0.05 0.00 0.05 0.05 0.10
