1 0.00 0.50 0.17 3.87 3.15 96.37 49.30 0.01 3.61 0.72 3.73 0.10 0.04
2 0.00 0.00 0.00 0.00 0.00 0.00 0.00 0.00 0.00 0.00 0.00 0.00 0.00
3 0.00 0.00 0.00 4.00 0.00 12.00 6.00 0.00 0.00 0.00 0.00 0.00 0.00
4 0.00 0.00 0.00 0.00 0.00 0.00 0.00 0.00 0.00 0.00 0.00 0.00 0.00
5 0.00 0.00 0.00 3.00 0.00 8.00 5.33 0.00 0.00 0.00 0.00 0.00 0.00
6 0.00 0.00 0.00 4.00 0.00 28.00 14.00 0.00 0.00 0.00 0.00 0.00 0.00
7 0.00 0.00 0.00 3.00 0.00 12.00 8.00 0.00 0.33 0.00 0.33 0.33 0.10
8 0.00 0.00 0.00 7.00 0.00 60.00 17.14 0.00 0.00 0.00 0.00 0.00 0.00
9 0.00 0.00 0.00 0.00 0.00 0.00 0.00 0.00 0.00 0.00 0.00 0.00 0.00
10 0.00 0.00 0.00 3.00 0.00 12.00 8.00 0.00 0.00 0.00 0.00 0.00 0.00
11 0.00 0.00 0.00 0.00 0.00 0.00 0.00 0.00 0.00 0.00 0.00 0.00 0.00
12 0.00 0.00 0.00 3.00 0.00 16.00 10.67 0.00 0.00 0.00 0.00 0.00 0.00
13 0.00 0.00 0.00 3.00 0.00 16.00 10.67 0.00 0.00 0.00 0.00 0.00 0.00
14 0.00 0.00 0.00 3.00 0.00 16.00 10.67 0.00 0.00 0.00 0.00 0.00 0.00
15 0.00 0.00 0.00 0.00 0.00 0.00 0.00 0.00 0.00 0.00 0.00 0.00 0.00
16 0.00 8.00 0.00 44.00 0.00 532.00 24.18 0.01 0.34 0.00 0.34 0.05 0.20
17 0.00 0.00 0.00 0.00 0.00 0.00 0.00 0.00 0.00 0.00 0.00 0.00 0.00
18 0.00 0.00 0.00 9.00 0.00 44.00 9.78 0.00 0.00 0.00 0.00 0.00 0.00
19 0.00 0.00 0.00 0.00 0.00 0.00 0.00 0.00 0.00 0.00 0.00 0.00 0.00
20 0.00 0.00 0.00 19.00 0.00 220.00 23.16 0.00 0.00 0.00 0.00 0.00 0.00
21 0.00 0.00 0.00 0.00 0.00 0.00 0.00 0.00 0.00 0.00 0.00 0.00 0.00
22 0.00 130.00 0.00 255.00 0.00 78088.00 612.45 9.86 38.67 0.00 38.67 0.62 15.70
23 0.00 0.00 0.00 6.00 0.00 28.00 9.33 0.00 0.00 0.00 0.00 0.00 0.00
24 0.00 0.00 0.00 0.00 0.00 0.00 0.00 0.00 0.00 0.00 0.00 0.00 0.00
25 0.00 0.00 0.00 4.00 0.00 24.00 12.00 0.00 0.25 0.00 0.25 0.25 0.10
26 0.00 0.00 0.00 0.00 0.00 0.00 0.00 0.00 0.00 0.00 0.00 0.00 0.00
27 0.00 0.00 0.00 6.00 0.00 24.00 8.00 0.00 0.17 0.00 0.17 0.17 0.10
28 0.00 0.00 0.00 7.00 0.00 96.00 27.43 0.00 0.00 0.00 0.00 0.00 0.00
29 0.00 0.00 0.00 3.00 0.00 20.00 13.33 0.00 0.00 0.00 0.00 0.00 0.00
30 0.00 0.00 0.00 0.00 0.00 0.00 0.00 0.00 0.00 0.00 0.00 0.00 0.00
31 0.00 0.00 0.00 3.00 0.00 16.00 10.67 0.00 0.00 0.00 0.00 0.00 0.00
32 0.00 0.00 0.00 0.00 0.00 0.00 0.00 0.00 0.00 0.00 0.00 0.00 0.00
33 0.00 0.00 0.00 4.00 0.00 48.00 24.00 0.00 0.25 0.00 0.25 0.25 0.10
34 0.00 0.00 0.00 3.00 0.00 12.00 8.00 0.00 0.00 0.00 0.00 0.00 0.00
35 0.00 0.00 0.00 5.00 0.00 24.00 9.60 0.00 0.00 0.00 0.00 0.00 0.00
36 0.00 0.00 0.00 0.00 0.00 0.00 0.00 0.00 0.00 0.00 0.00 0.00 0.00
37 0.00 0.00 0.00 0.00 0.00 0.00 0.00 0.00 0.00 0.00 0.00 0.00 0.00
38 0.00 0.00 0.00 14.00 0.00 96.00 13.71 0.00 0.07 0.00 0.07 0.07 0.10
39 0.00 0.00 0.00 0.00 0.00 0.00 0.00 0.00 0.00 0.00 0.00 0.00 0.00
40 0.00 0.00 0.00 3.00 0.00 20.00 13.33 0.00 0.00 0.00 0.00 0.00 0.00
41 0.00 0.00 0.00 0.00 0.00 0.00 0.00 0.00 0.00 0.00 0.00 0.00 0.00
42 0.00 0.00 0.00 3.00 0.00 24.00 16.00 0.00 0.00 0.00 0.00 0.00 0.00
43 0.00 0.00 0.00 4.00 0.00 68.00 34.00 0.00 0.00 0.00 0.00 0.00 0.00
44 0.00 0.00 0.00 3.00 0.00 36.00 24.00 0.00 0.00 0.00 0.00 0.00 0.00
45 0.00 0.00 0.00 0.00 0.00 0.00 0.00 0.00 0.00 0.00 0.00 0.00 0.00
46 0.00 9.00 0.00 43.00 0.00 564.00 26.23 0.03 0.67 0.00 0.67 0.05 0.20
