1 0.00 0.56 0.17 3.89 3.30 96.54 49.17 0.01 3.53 0.69 3.65 0.10 0.04
2 0.00 0.00 0.00 0.00 0.00 0.00 0.00 0.00 0.00 0.00 0.00 0.00 0.00
3 0.00 0.00 0.00 7.00 0.00 60.00 17.14 0.00 0.14 0.00 0.14 0.14 0.10
4 0.00 0.00 0.00 0.00 0.00 0.00 0.00 0.00 0.00 0.00 0.00 0.00 0.00
5 0.00 0.00 0.00 3.00 0.00 8.00 5.33 0.00 0.00 0.00 0.00 0.00 0.00
6 0.00 0.00 0.00 0.00 0.00 0.00 0.00 0.00 0.00 0.00 0.00 0.00 0.00
7 0.00 0.00 0.00 0.00 0.00 0.00 0.00 0.00 0.00 0.00 0.00 0.00 0.00
8 0.00 0.00 0.00 5.00 0.00 20.00 8.00 0.00 0.00 0.00 0.00 0.00 0.00
9 0.00 0.00 0.00 0.00 0.00 0.00 0.00 0.00 0.00 0.00 0.00 0.00 0.00
10 0.00 0.00 0.00 3.00 0.00 8.00 5.33 0.00 0.00 0.00 0.00 0.00 0.00
11 0.00 0.00 0.00 0.00 0.00 0.00 0.00 0.00 0.00 0.00 0.00 0.00 0.00
12 0.00 0.00 0.00 3.00 0.00 20.00 13.33 0.00 0.00 0.00 0.00 0.00 0.00
13 0.00 0.00 0.00 7.00 0.00 68.00 19.43 0.00 0.00 0.00 0.00 0.00 0.00
14 0.00 0.00 0.00 3.00 0.00 16.00 10.67 0.00 0.00 0.00 0.00 0.00 0.00
15 0.00 0.00 0.00 0.00 0.00 0.00 0.00 0.00 0.00 0.00 0.00 0.00 0.00
16 0.00 0.00 0.00 3.00 0.00 16.00 10.67 0.00 0.33 0.00 0.33 0.33 0.10
17 0.00 0.00 0.00 0.00 0.00 0.00 0.00 0.00 0.00 0.00 0.00 0.00 0.00
18 0.00 10.00 0.00 259.00 0.00 70560.00 544.86 8.65 33.41 0.00 33.41 0.55 14.20
19 0.00 0.00 0.00 4.00 0.00 24.00 12.00 0.00 0.00 0.00 0.00 0.00 0.00
20 0.00 0.00 0.00 0.00 0.00 0.00 0.00 0.00 0.00 0.00 0.00 0.00 0.00
21 0.00 0.00 0.00 3.00 0.00 16.00 10.67 0.00 0.00 0.00 0.00 0.00 0.00
22 0.00 0.00 0.00 14.00 0.00 64.00 9.14 0.00 0.07 0.00 0.07 0.07 0.10
23 0.00 0.00 0.00 26.00 0.00 7096.00 545.85 0.10 3.92 0.00 3.92 0.58 1.50
24 0.00 0.00 0.00 0.00 0.00 0.00 0.00 0.00 0.00 0.00 0.00 0.00 0.00
25 0.00 0.00 0.00 3.00 0.00 24.00 16.00 0.00 0.00 0.00 0.00 0.00 0.00
26 0.00 0.00 0.00 0.00 0.00 0.00 0.00 0.00 0.00 0.00 0.00 0.00 0.00
27 0.00 0.00 0.00 0.00 0.00 0.00 0.00 0.00 0.00 0.00 0.00 0.00 0.00
28 0.00 7.00 0.00 45.00 0.00 548.00 24.36 0.03 0.58 0.00 0.58 0.02 0.10
29 0.00 0.00 0.00 0.00 0.00 0.00 0.00 0.00 0.00 0.00 0.00 0.00 0.00
30 0.00 0.00 0.00 3.00 0.00 16.00 10.67 0.00 0.00 0.00 0.00 0.00 0.00
31 0.00 1.00 0.00 31.00 0.00 484.00 31.23 0.01 0.26 0.00 0.26 0.03 0.10
32 0.00 0.00 0.00 3.00 0.00 12.00 8.00 0.00 0.00 0.00 0.00 0.00 0.00
33 0.00 0.00 0.00 9.00 0.00 52.00 11.56 0.00 0.00 0.00 0.00 0.00 0.00
34 0.00 0.00 0.00 10.00 0.00 48.00 9.60 0.00 0.10 0.00 0.10 0.10 0.10
35 0.00 0.00 0.00 0.00 0.00 0.00 0.00 0.00 0.00 0.00 0.00 0.00 0.00
36 0.00 0.00 0.00 0.00 0.00 0.00 0.00 0.00 0.00 0.00 0.00 0.00 0.00
37 0.00 0.00 0.00 3.00 0.00 20.00 13.33 0.00 0.00 0.00 0.00 0.00 0.00
38 0.00 0.00 0.00 3.00 0.00 20.00 13.33 0.00 0.00 0.00 0.00 0.00 0.00
39 0.00 0.00 0.00 3.00 0.00 12.00 8.00 0.00 0.00 0.00 0.00 0.00 0.00
40 0.00 0.00 0.00 0.00 0.00 0.00 0.00 0.00 0.00 0.00 0.00 0.00 0.00
41 0.00 0.00 0.00 3.00 0.00 24.00 16.00 0.00 0.00 0.00 0.00 0.00 0.00
42 0.00 0.00 0.00 0.00 0.00 0.00 0.00 0.00 0.00 0.00 0.00 0.00 0.00
43 0.00 0.00 0.00 14.00 0.00 216.00 30.86 0.00 0.07 0.00 0.07 0.07 0.10
44 0.00 0.00 0.00 0.00 0.00 0.00 0.00 0.00 0.00 0.00 0.00 0.00 0.00
45 0.00 0.00 0.00 3.00 0.00 36.00 24.00 0.00 0.00 0.00 0.00 0.00 0.00
