0 0.34 0.00 0.31 0.00 0.00 0.02 0.00 0.00 0 0.00
1 0.51 0.00 0.46 0.00 0.00 0.06 0.00 0.00 0 0.00
2 0.37 0.00 0.31 0.00 0.00 0.03 0.00 0.00 0 0.00
3 0.43 0.00 0.45 0.00 0.00 0.03 0.00 0.00 0 0.00
4 0.48 0.00 0.77 0.00 0.00 0.01 0.00 0.00 0 0.00
5 1.74 0.00 3.65 0.00 0.00 0.13 0.00 0.00 0 0.00
6 0.66 0.00 1.04 0.00 0.00 0.14 0.00 0.00 0 0.00
7 0.52 0.00 0.49 0.00 0.00 0.05 0.00 0.00 0 0.00
8 5.10 0.00 2.06 0.00 0.00 0.13 0.00 0.00 0 0.00
9 29.19 0.00 5.48 0.01 0.00 0.04 0.00 0.00 0 0.00
10 28.12 0.00 4.78 0.00 0.00 0.03 0.00 0.00 0 0.00
11 28.54 0.00 4.54 0.00 0.00 0.06 0.00 0.00 0 0.00
12 27.41 0.00 3.54 0.00 0.00 0.02 0.00 0.00 0 0.00
13 29.11 0.00 4.43 0.00 0.00 0.11 0.00 0.00 0 0.00
14 28.11 0.00 5.45 0.00 0.00 0.07 0.00 0.00 0 0.00
15 24.53 0.00 5.05 0.00 0.00 0.09 0.00 0.00 0 0.00
16 27.06 0.00 5.85 0.00 0.00 0.03 0.00 0.00 0 0.00
17 29.78 0.00 5.06 0.00 0.00 0.01 0.00 0.00 0 0.00
18 23.07 0.00 4.66 0.00 0.00 0.06 0.00 0.00 0 0.00
19 30.64 0.00 4.51 0.00 0.00 0.04 0.00 0.00 0 0.00
20 31.25 0.00 4.35 0.00 0.00 0.02 0.00 0.00 0 0.00
21 30.95 0.00 4.69 0.00 0.00 0.02 0.00 0.00 0 0.00
22 35.22 0.00 3.71 0.01 0.00 0.05 0.00 0.00 0 0.00
23 33.77 0.00 4.29 0.02 0.00 0.12 0.00 0.00 0 0.00
24 33.31 0.00 5.00 0.00 0.00 0.06 0.00 0.00 0 0.00
25 36.07 0.00 7.63 0.00 0.00 0.02 0.00 0.00 0 0.00
26 31.73 0.00 6.60 0.01 0.00 0.04 0.00 0.00 0 0.00
27 24.29 0.00 4.89 0.00 0.00 0.04 0.00 0.00 0 0.00
28 23.83 0.00 4.65 0.00 0.00 0.04 0.00 0.00 0 0.00
29 20.93 0.00 4.46 0.00 0.00 0.06 0.00 0.00 0 0.00
30 22.81 0.00 4.72 0.00 0.00 0.07 0.00 0.00 0 0.00
31 24.83 0.00 4.82 0.00 0.00 0.05 0.00 0.00 0 0.00
32 25.44 0.00 4.85 0.00 0.00 0.03 0.00 0.00 0 0.00
33 29.54 0.00 3.95 0.00 0.00 0.02 0.00 0.00 0 0.00
34 28.06 0.00 4.68 0.01 0.00 0.04 0.00 0.00 0 0.00
35 29.97 0.00 4.96 0.00 0.00 0.02 0.00 0.00 0 0.00
36 39.24 0.00 5.89 0.10 0.00 0.02 0.00 0.00 0 0.00
37 31.20 0.00 4.73 0.00 0.00 0.02 0.00 0.00 0 0.00
38 24.29 0.00 4.44 0.00 0.00 0.02 0.00 0.00 0 0.00
39 25.41 0.00 4.57 0.00 0.00 0.03 0.00 0.00 0 0.00
40 22.38 0.00 4.69 0.00 0.00 0.07 0.00 0.00 0 0.00
41 13.79 0.00 3.12 0.00 0.00 0.02 0.00 0.00 0 0.00
