0 0.92 0.00 2.00 0.00 0.00 0.10 0.00 0.00 0 0.00
1 0.21 0.00 0.16 0.00 0.00 0.04 0.00 0.00 0 0.00
2 0.34 0.00 0.29 0.00 0.00 0.04 0.00 0.00 0 0.00
3 0.47 0.00 0.61 0.00 0.00 0.05 0.00 0.00 0 0.00
4 0.42 0.00 0.77 0.00 0.00 0.09 0.00 0.00 0 0.00
5 0.17 0.00 0.13 0.00 0.00 0.03 0.00 0.00 0 0.00
6 0.34 0.00 0.32 0.00 0.00 0.04 0.00 0.00 0 0.00
7 0.34 0.00 0.32 0.00 0.00 0.05 0.00 0.00 0 0.00
8 6.59 0.00 2.34 0.00 0.00 0.03 0.00 0.00 0 0.00
9 25.62 0.00 4.68 0.01 0.00 0.04 0.00 0.00 0 0.00
10 27.30 0.00 5.16 0.00 0.00 0.06 0.00 0.00 0 0.00
11 28.45 0.00 4.97 0.00 0.00 0.09 0.00 0.00 0 0.00
12 27.70 0.00 3.65 0.00 0.00 0.05 0.00 0.00 0 0.00
13 27.11 0.00 4.74 0.00 0.00 0.10 0.00 0.00 0 0.00
14 27.33 0.00 4.82 0.00 0.00 0.11 0.00 0.00 0 0.00
15 26.94 0.00 5.30 0.00 0.00 0.11 0.00 0.00 0 0.00
16 25.86 0.00 4.99 0.00 0.00 0.06 0.00 0.00 0 0.00
17 27.55 0.00 4.66 0.00 0.00 0.06 0.00 0.00 0 0.00
18 30.00 0.00 5.33 0.01 0.00 0.02 0.00 0.00 0 0.00
19 25.33 0.00 4.49 0.00 0.00 0.05 0.00 0.00 0 0.00
20 33.59 0.00 6.54 0.02 0.00 0.05 0.00 0.00 0 0.00
21 22.70 0.00 3.90 0.00 0.00 0.09 0.00 0.00 0 0.00
22 24.00 0.00 4.18 0.00 0.00 0.04 0.00 0.00 0 0.00
23 25.28 0.00 5.00 0.00 0.00 0.04 0.00 0.00 0 0.00
24 26.63 0.00 4.31 0.00 0.00 0.11 0.00 0.00 0 0.00
25 33.31 0.00 5.04 0.00 0.00 0.05 0.00 0.00 0 0.00
26 27.48 0.00 4.93 0.00 0.00 0.03 0.00 0.00 0 0.00
27 27.20 0.00 4.41 0.00 0.00 0.05 0.00 0.00 0 0.00
28 26.77 0.00 5.19 0.00 0.00 0.03 0.00 0.00 0 0.00
29 25.79 0.00 4.90 0.00 0.00 0.06 0.00 0.00 0 0.00
30 23.40 0.00 4.75 0.00 0.00 0.02 0.00 0.00 0 0.00
31 21.78 0.00 5.05 0.00 0.00 0.06 0.00 0.00 0 0.00
32 21.91 0.00 4.46 0.00 0.00 0.11 0.00 0.00 0 0.00
33 20.66 0.00 4.99 0.00 0.00 0.05 0.00 0.00 0 0.00
34 23.38 0.00 4.73 0.00 0.00 0.06 0.00 0.00 0 0.00
35 28.24 0.00 4.81 0.00 0.00 0.04 0.00 0.00 0 0.00
36 27.15 0.00 4.52 0.00 0.00 0.05 0.00 0.00 0 0.00
37 36.94 0.00 5.82 0.19 0.00 0.02 0.00 0.00 0 0.00
38 28.35 0.00 4.09 0.00 0.00 0.05 0.00 0.00 0 0.00
39 27.09 0.00 4.15 0.00 0.00 0.07 0.00 0.00 0 0.00
40 27.74 0.00 4.89 0.00 0.00 0.06 0.00 0.00 0 0.00
