0 0.46 0.00 0.71 0.00 0.00 0.06 0.00 0.00 0 0.00
1 0.25 0.00 0.31 0.00 0.00 0.02 0.00 0.00 0 0.00
2 0.36 0.00 0.34 0.00 0.00 0.02 0.00 0.00 0 0.00
3 0.53 0.00 0.46 0.00 0.00 0.03 0.00 0.00 0 0.00
4 0.40 0.00 0.29 0.00 0.00 0.03 0.00 0.00 0 0.00
5 0.35 0.00 0.40 0.00 0.00 0.05 0.00 0.00 0 0.00
6 0.25 0.00 0.27 0.01 0.00 0.02 0.00 0.00 0 0.00
7 0.45 0.00 0.49 0.00 0.00 0.05 0.00 0.00 0 0.00
8 5.55 0.00 2.18 0.00 0.00 0.07 0.00 0.00 0 0.00
9 27.40 0.00 5.45 0.00 0.00 0.02 0.00 0.00 0 0.00
10 27.57 0.00 4.92 0.00 0.00 0.03 0.00 0.00 0 0.00
11 28.80 0.00 4.64 0.00 0.00 0.03 0.00 0.00 0 0.00
12 28.85 0.00 3.77 0.00 0.00 0.04 0.00 0.00 0 0.00
13 28.57 0.00 4.74 0.00 0.00 0.13 0.00 0.00 0 0.00
14 27.87 0.00 5.63 0.00 0.00 0.07 0.00 0.00 0 0.00
15 25.68 0.00 5.63 0.00 0.00 0.13 0.00 0.00 0 0.00
16 25.95 0.00 4.94 0.00 0.00 0.06 0.00 0.00 0 0.00
17 25.61 0.00 4.82 0.00 0.00 0.03 0.00 0.00 0 0.00
18 27.69 0.00 6.11 0.02 0.00 0.10 0.00 0.00 0 0.00
19 24.88 0.00 6.12 0.00 0.00 0.05 0.00 0.00 0 0.00
20 33.81 0.00 5.29 0.02 0.00 0.05 0.00 0.00 0 0.00
21 28.39 0.00 4.49 0.01 0.00 0.04 0.00 0.00 0 0.00
22 25.91 0.00 4.75 0.00 0.00 0.04 0.00 0.00 0 0.00
23 26.47 0.00 3.83 0.00 0.00 0.06 0.00 0.00 0 0.00
24 27.58 0.00 5.33 0.03 0.00 0.03 0.00 0.00 0 0.00
25 35.55 0.00 5.90 0.01 0.00 0.05 0.00 0.00 0 0.00
26 28.11 0.00 5.81 0.00 0.00 0.05 0.00 0.00 0 0.00
27 23.15 0.00 5.02 0.00 0.00 0.03 0.00 0.00 0 0.00
28 23.01 0.00 4.81 0.00 0.00 0.05 0.00 0.00 0 0.00
29 22.33 0.00 5.10 0.00 0.00 0.03 0.00 0.00 0 0.00
30 21.08 0.00 5.01 0.00 0.00 0.04 0.00 0.00 0 0.00
31 23.86 0.00 5.34 0.00 0.00 0.01 0.00 0.00 0 0.00
32 25.73 0.00 5.09 0.00 0.00 0.04 0.00 0.00 0 0.00
33 25.72 0.00 4.48 0.00 0.00 0.05 0.00 0.00 0 0.00
34 27.09 0.00 3.80 0.00 0.00 0.05 0.00 0.00 0 0.00
35 29.66 0.00 5.05 0.00 0.00 0.03 0.00 0.00 0 0.00
36 28.64 0.00 4.93 0.00 0.00 0.04 0.00 0.00 0 0.00
37 36.80 0.00 7.13 0.14 0.00 0.02 0.00 0.00 0 0.00
38 27.44 0.00 4.97 0.00 0.00 0.04 0.00 0.00 0 0.00
39 23.54 0.00 4.61 0.00 0.00 0.06 0.00 0.00 0 0.00
40 25.93 0.00 4.99 0.00 0.00 0.07 0.00 0.00 0 0.00
41 12.04 0.00 2.89 0.00 0.00 0.04 0.00 0.00 0 0.00
42 0.28 0.00 0.26 0.00 0.00 0.01 0.00 0.00 0 0.00
43 0.43 0.00 0.44 0.00 0.00 0.03 0.00 0.00 0 0.00
