0 0.39 0.00 0.52 0.00 0.00 0.05 0.00 0.00 0 0.00
1 0.32 0.00 0.35 0.00 0.00 0.06 0.00 0.00 0 0.00
2 0.37 0.00 0.33 0.00 0.00 0.04 0.00 0.00 0 0.00
3 0.14 0.00 0.14 0.00 0.00 0.02 0.00 0.00 0 0.00
4 0.28 0.00 0.27 0.00 0.00 0.03 0.00 0.00 0 0.00
5 0.13 0.00 0.14 0.00 0.00 0.05 0.00 0.00 0 0.00
6 0.37 0.00 0.31 0.00 0.00 0.04 0.00 0.00 0 0.00
7 0.22 0.00 0.15 0.00 0.00 0.05 0.00 0.00 0 0.00
8 5.22 0.00 2.73 0.00 0.00 0.07 0.00 0.00 0 0.00
9 27.79 0.00 5.32 0.00 0.00 0.11 0.00 0.00 0 0.00
10 27.30 0.00 5.28 0.00 0.00 0.02 0.00 0.00 0 0.00
11 29.60 0.00 4.09 0.00 0.00 0.05 0.00 0.00 0 0.00
12 27.84 0.00 3.81 0.00 0.00 0.10 0.00 0.00 0 0.00
13 28.86 0.00 5.12 0.00 0.00 0.15 0.00 0.00 0 0.00
14 26.13 0.00 5.28 0.00 0.00 0.10 0.00 0.00 0 0.00
15 23.68 0.00 5.21 0.00 0.00 0.13 0.00 0.00 0 0.00
16 27.44 0.00 4.75 0.00 0.00 0.07 0.00 0.00 0 0.00
17 27.10 0.00 4.95 0.00 0.00 0.05 0.00 0.00 0 0.00
18 23.78 0.00 4.95 0.00 0.00 0.13 0.00 0.00 0 0.00
19 30.50 0.00 4.24 0.01 0.00 0.04 0.00 0.00 0 0.00
20 31.19 0.00 5.27 0.04 0.00 0.13 0.00 0.00 0 0.00
21 28.87 0.00 4.92 0.00 0.00 0.07 0.00 0.00 0 0.00
22 35.50 0.00 4.37 0.00 0.00 0.07 0.00 0.00 0 0.00
23 34.17 0.00 4.14 0.00 0.00 0.11 0.00 0.00 0 0.00
24 30.85 0.00 4.56 0.00 0.00 0.07 0.00 0.00 0 0.00
25 34.97 0.00 7.08 0.01 0.00 0.04 0.00 0.00 0 0.00
26 29.76 0.00 5.51 0.00 0.00 0.03 0.00 0.00 0 0.00
27 23.41 0.00 4.64 0.00 0.00 0.06 0.00 0.00 0 0.00
28 21.43 0.00 4.92 0.00 0.00 0.09 0.00 0.00 0 0.00
29 21.95 0.00 4.84 0.00 0.00 0.03 0.00 0.00 0 0.00
30 23.95 0.00 5.31 0.00 0.00 0.05 0.00 0.00 0 0.00
31 25.35 0.00 4.96 0.00 0.00 0.05 0.00 0.00 0 0.00
32 25.93 0.00 4.57 0.00 0.00 0.04 0.00 0.00 0 0.00
33 26.45 0.00 3.39 0.00 0.00 0.04 0.00 0.00 0 0.00
34 27.95 0.00 4.86 0.00 0.00 0.05 0.00 0.00 0 0.00
35 29.72 0.00 5.01 0.00 0.00 0.05 0.00 0.00 0 0.00
36 34.83 0.00 4.68 0.21 0.00 0.02 0.00 0.00 0 0.00
37 28.36 0.00 4.22 0.01 0.00 0.02 0.00 0.00 0 0.00
38 26.79 0.00 4.22 0.00 0.00 0.03 0.00 0.00 0 0.00
39 26.02 0.00 4.65 0.11 0.00 0.07 0.00 0.00 0 0.00
40 23.72 0.00 4.71 0.00 0.00 0.06 0.00 0.00 0 0.00
41 15.14 0.00 3.47 0.01 0.00 0.03 0.00 0.00 0 0.00
42 0.52 0.00 0.47 0.00 0.00 0.06 0.00 0.00 0 0.00
43 0.28 0.00 0.20 0.00 0.00 0.03 0.00 0.00 0 0.00
44 0.59 0.00 0.58 0.00 0.00 0.05 0.00 0.00 0 0.00
45 0.20 0.00 0.10 0.00 0.00 0.01 0.00 0.00 0 0.00
