0 0.33 0.00 0.32 0.00 0.00 0.03 0.00 0.00 0 0.00
1 0.14 0.00 0.13 0.02 0.00 0.02 0.00 0.00 0 0.00
2 0.45 0.00 0.30 0.00 0.00 0.05 0.00 0.00 0 0.00
3 0.21 0.00 0.15 0.00 0.00 0.03 0.00 0.00 0 0.00
4 1.23 0.00 2.32 0.00 0.00 0.09 0.00 0.00 0 0.00
5 0.83 0.00 1.53 0.00 0.00 0.07 0.00 0.00 0 0.00
6 0.18 0.00 0.22 0.00 0.00 0.03 0.00 0.00 0 0.00
7 0.26 0.00 0.35 0.00 0.00 0.04 0.00 0.00 0 0.00
8 10.17 0.00 2.38 0.00 0.00 0.10 0.00 0.00 0 0.00
9 23.79 0.00 4.75 0.00 0.00 0.03 0.00 0.00 0 0.00
10 26.69 0.00 4.80 0.00 0.00 0.04 0.00 0.00 0 0.00
11 27.56 0.00 4.84 0.00 0.00 0.02 0.00 0.00 0 0.00
12 27.67 0.00 4.29 0.00 0.00 0.03 0.00 0.00 0 0.00
13 29.01 0.00 3.92 0.00 0.00 0.17 0.00 0.00 0 0.00
14 27.20 0.00 5.09 0.00 0.00 0.19 0.00 0.00 0 0.00
15 27.35 0.00 5.77 0.00 0.00 0.03 0.00 0.00 0 0.00
16 27.10 0.00 4.68 0.00 0.00 0.07 0.00 0.00 0 0.00
17 29.81 0.00 4.85 0.03 0.00 0.07 0.00 0.00 0 0.00
18 23.64 0.00 4.98 0.00 0.00 0.05 0.00 0.00 0 0.00
19 28.41 0.00 3.92 0.02 0.00 0.05 0.00 0.00 0 0.00
20 30.03 0.00 4.75 0.01 0.00 0.06 0.00 0.00 0 0.00
21 25.43 0.00 4.74 0.00 0.00 0.02 0.00 0.00 0 0.00
22 26.26 0.00 4.97 0.00 0.00 0.06 0.00 0.00 0 0.00
23 27.06 0.00 3.49 0.00 0.00 0.06 0.00 0.00 0 0.00
24 28.08 0.00 4.59 0.00 0.00 0.03 0.00 0.00 0 0.00
25 36.30 0.00 6.02 0.01 0.00 0.07 0.00 0.00 0 0.00
26 28.98 0.00 4.85 0.00 0.00 0.06 0.00 0.00 0 0.00
27 25.83 0.00 4.79 0.00 0.00 0.03 0.00 0.00 0 0.00
28 23.63 0.00 4.43 0.00 0.00 0.06 0.00 0.00 0 0.00
29 23.25 0.00 4.50 0.00 0.00 0.04 0.00 0.00 0 0.00
30 22.45 0.00 4.30 0.00 0.00 0.05 0.00 0.00 0 0.00
31 21.48 0.00 4.52 0.00 0.00 0.12 0.00 0.00 0 0.00
32 23.33 0.00 4.58 0.00 0.00 0.11 0.00 0.00 0 0.00
33 25.72 0.00 4.55 0.00 0.00 0.02 0.00 0.00 0 0.00
34 26.97 0.00 5.04 0.10 0.00 0.03 0.00 0.00 0 0.00
35 30.35 0.00 3.89 0.00 0.00 0.05 0.00 0.00 0 0.00
36 29.03 0.00 4.70 0.00 0.00 0.06 0.00 0.00 0 0.00
37 37.67 0.00 5.87 0.05 0.00 0.05 0.00 0.00 0 0.00
38 30.01 0.00 4.39 0.01 0.00 0.02 0.00 0.00 0 0.00
39 28.23 0.00 4.55 0.04 0.00 0.03 0.00 0.00 0 0.00
40 26.90 0.00 4.65 0.00 0.00 0.11 0.00 0.00 0 0.00
41 3.79 0.00 2.07 0.00 0.00 0.06 0.00 0.00 0 0.00
42 0.25 0.00 0.25 0.00 0.00 0.02 0.00 0.00 0 0.00
43 0.09 0.00 0.12 0.00 0.00 0.02 0.00 0.00 0 0.00
44 0.31 0.00 0.30 0.00 0.00 0.05 0.00 0.00 0 0.00
