0 5.65 5.70 0.00
1 0.83 1.19 0.00
2 5.54 6.97 0.00
3 1.58 4.41 0.00
4 5.91 115.10 0.00
5 4.90 5.19 0.00
6 1.18 1.36 0.00
7 9.85 12.08 0.00
8 4.83 5.31 0.00
9 1.37 110.86 0.00
10 0.36 0.70 0.00
11 5.36 6.20 0.00
12 5.20 7.36 0.00
13 4.90 5.19 0.00
14 93.79 4632.51 0.00
15 37.65 4631.65 0.00
16 19.44 3166.97 0.00
17 536.00 47553.60 0.00
18 575.99 32494.25 0.00
19 629.13 35932.21 0.00
20 858.01 52958.73 0.00
21 793.02 46669.41 0.00
22 734.41 43003.26 0.00
23 701.79 44018.41 0.00
24 785.36 50494.48 0.00
25 824.37 51759.91 0.00
26 831.06 54624.73 0.00
27 888.40 54029.70 0.00
28 835.00 49736.97 0.00
29 811.54 47104.31 0.00
30 908.05 52282.33 0.00
31 909.64 58176.57 0.00
32 929.53 58220.31 0.00
33 846.16 48268.19 0.00
34 791.55 47052.58 0.00
35 838.91 48650.85 0.00
36 840.60 50295.59 0.00
37 761.75 45749.54 0.00
38 867.28 52168.02 0.00
39 750.77 44356.60 0.00
40 778.70 46560.22 0.00
41 811.35 48843.35 0.00
42 825.08 51808.47 0.00
43 850.49 50229.33 0.00
44 880.29 49037.14 0.00
45 761.57 44486.62 0.00
46 803.34 50496.20 0.00
47 810.92 48605.92 0.00
48 907.24 56480.44 0.00
49 827.85 50932.34 0.00
50 851.60 54884.49 0.00
51 823.03 48284.91 0.00
52 826.95 48283.65 0.00
53 729.33 47686.20 0.00
54 949.47 58292.41 0.00
55 932.54 55986.67 0.00
56 679.49 40063.70 0.00
57 780.28 42674.52 0.00
58 770.12 47370.04 0.00
59 702.35 40350.60 0.00
60 742.01 46332.93 0.00
61 733.70 43217.25 0.00
62 739.60 46616.03 0.00
63 762.01 45539.66 0.00
64 769.02 41758.22 0.00
65 796.74 47849.99 0.00
66 808.96 46411.43 0.00
67 731.10 43876.15 0.00
68 753.90 43388.12 0.00
69 666.00 38025.36 0.00
70 805.84 48982.99 0.00
71 861.37 51830.34 0.00
72 924.13 59227.52 0.00
73 828.62 48802.78 0.00
74 750.60 43546.54 0.00
75 825.28 55028.09 0.00
76 869.42 59977.78 0.00
77 854.90 61744.85 0.00
78 848.92 71946.86 0.00
79 702.36 74980.37 0.00
80 374.19 95737.10 0.00
81 25.82 13609.93 0.00
