0 5.35 5.38 0.00
1 0.30 0.77 0.00
2 5.58 5.77 0.00
3 1.84 70.94 0.00
4 4.90 5.25 0.00
5 4.89 5.83 0.00
6 0.98 0.94 0.00
7 9.39 9.85 0.00
8 5.72 72.62 0.00
9 0.30 0.77 0.00
10 0.29 0.77 0.00
11 5.02 5.77 0.00
12 4.77 5.38 0.00
13 5.55 72.89 0.00
14 151.58 5470.31 0.00
15 47.51 5501.85 0.00
16 37.94 5728.50 0.00
17 703.42 50711.73 0.00
18 1144.88 74352.46 0.00
19 1272.20 79831.14 0.00
20 1113.36 65389.90 0.00
21 1136.65 73182.70 0.00
22 1172.42 79784.85 0.00
23 1220.48 78720.58 0.00
24 1130.32 68507.44 0.00
25 1185.71 73210.33 0.00
26 1052.36 64478.00 0.00
27 1138.65 70794.50 0.00
28 1121.80 69599.59 0.00
29 1181.67 77705.13 0.00
30 1145.26 72389.77 0.00
31 984.02 61986.46 0.00
32 1137.04 66458.72 0.00
33 1241.96 76627.35 0.00
34 1236.20 75187.24 0.00
35 1190.32 76210.33 0.00
36 1171.92 74996.70 0.00
37 1203.28 77367.95 0.00
38 1145.81 72872.46 0.00
39 1290.12 80922.91 0.00
40 1149.31 74976.90 0.00
41 1169.05 75826.13 0.00
42 1120.87 70588.09 0.00
43 1193.47 74863.80 0.00
44 1214.11 75985.73 0.00
45 1197.39 78433.47 0.00
46 1191.38 74309.81 0.00
47 1207.44 76100.58 0.00
48 1007.85 66139.45 0.00
49 1225.18 73942.78 0.00
50 1093.75 69868.07 0.00
51 1156.68 74329.48 0.00
52 1232.14 76655.23 0.00
53 1127.76 73648.79 0.00
54 1140.54 66697.78 0.00
55 1138.81 69105.92 0.00
56 1252.64 82071.15 0.00
57 1268.23 82186.96 0.00
58 1250.62 77557.74 0.00
59 1287.56 81445.35 0.00
60 1218.73 78472.01 0.00
61 1365.28 81807.71 0.00
62 1235.21 76465.10 0.00
63 1294.63 79395.86 0.00
64 1247.13 80799.69 0.00
65 1183.08 76677.89 0.00
66 1237.19 78351.30 0.00
67 1242.71 78026.39 0.00
68 1298.45 81646.57 0.00
69 1328.72 86654.27 0.00
70 1125.55 74054.67 0.00
71 1213.42 73060.34 0.00
72 1136.61 65522.30 0.00
73 1138.27 74018.00 0.00
74 1192.31 80762.58 0.00
75 1015.45 65868.17 0.00
76 928.13 63769.75 0.00
77 810.07 61536.68 0.00
78 645.44 47975.21 0.00
79 471.16 46034.54 0.00
80 28.37 7004.48 0.00
81 1.77 129.38 0.00
82 130.37 6.56 0.00
