0 0.42 0.94 0.00
1 6.19 72.96 0.00
2 5.14 5.77 0.00
3 0.30 0.77 0.00
4 0.31 0.77 0.00
5 1.17 2.57 0.00
6 12.97 2710.62 0.00
7 21.71 8724.26 0.00
8 14.98 7455.89 0.00
9 20.69 7811.22 0.00
10 19.30 9843.26 0.00
11 14.71 6803.15 0.00
12 15.15 4954.64 0.00
13 23.44 12091.04 0.00
14 9.79 1989.27 0.00
15 24.40 12721.98 0.00
16 14.23 6915.56 0.00
17 25.03 5452.73 0.00
18 1.60 564.24 0.00
19 22.50 9153.32 0.00
20 31.49 13769.71 0.00
21 18.09 8890.22 0.00
22 0.43 0.90 0.00
23 9.55 10.38 0.00
24 8.49 3956.23 0.00
25 30.55 13514.39 0.00
26 21.88 10705.89 0.00
27 0.93 0.77 0.00
28 9.33 9.79 0.00
29 0.40 1.29 0.00
30 1.06 1.01 0.00
31 1.01 68.35 0.00
32 4.96 5.96 0.00
33 4.84 5.25 0.00
34 0.31 0.77 0.00
35 1.11 2.57 0.00
36 1.27 69.63 0.00
37 4.90 5.25 0.00
38 5.47 5.77 0.00
39 0.30 0.77 0.00
40 0.42 0.94 0.00
41 2.27 68.88 0.00
42 4.85 5.25 0.00
43 0.30 0.77 0.00
44 10.01 10.38 0.00
45 0.30 0.77 0.00
46 5.62 72.83 0.00
47 5.46 5.90 0.00
48 0.31 0.77 0.00
49 4.77 5.38 0.00
50 5.19 7.22 0.00
51 1.20 69.63 0.00
52 9.39 9.79 0.00
53 10.00 12.29 0.00
54 4.91 5.25 0.00
55 0.30 0.77 0.00
56 1.57 68.88 0.00
57 0.30 0.77 0.00
58 4.79 5.38 0.00
59 5.52 5.77 0.00
60 0.42 0.94 0.00
61 1.59 68.35 0.00
62 0.42 1.29 0.00
63 4.77 5.31 0.00
64 5.49 5.25 0.00
65 0.53 2.57 0.00
66 1.28 69.63 0.00
67 5.35 5.31 0.00
68 4.89 5.90 0.00
69 4.84 5.25 0.00
70 1.57 0.94 0.00
71 1.18 68.88 0.00
72 0.31 0.77 0.00
73 0.87 0.77 0.00
74 9.37 10.44 0.00
75 4.84 5.25 0.00
76 1.96 68.35 0.00
77 0.40 1.29 0.00
78 4.74 5.26 0.00
79 4.77 5.38 0.00
80 5.19 7.22 0.00
81 1.31 69.63 0.00
82 0.88 0.77 0.00
83 0.40 1.29 0.00
84 4.79 5.38 0.00
85 4.77 5.31 0.00
86 12.85 81.50 0.00
87 0.30 0.77 0.00
88 0.31 0.77 0.00
89 0.98 1.29 0.00
90 0.42 1.36 0.00
91 5.79 72.89 0.00
92 4.95 5.90 0.00
93 4.90 5.25 0.00
94 5.36 5.25 0.00
95 5.20 7.05 0.00
96 10.16 78.84 0.00
97 0.99 0.77 0.00
98 0.42 1.29 0.00
99 0.87 0.77 0.00
100 5.60 5.42 0.00
101 1.11 68.88 0.00
102 4.90 5.25 0.00
103 0.87 0.77 0.00
104 0.42 1.29 0.00
105 4.96 5.25 0.00
106 2.17 69.83 0.00
107 5.00 5.77 0.00
108 9.39 9.85 0.00
109 0.30 0.77 0.00
110 5.26 7.22 0.00
111 1.26 69.63 0.00
112 9.96 9.98 0.00
113 4.95 5.77 0.00
114 0.31 0.77 0.00
115 9.96 9.73 0.00
116 1.12 68.88 0.00
117 0.41 0.77 0.00
118 0.88 0.77 0.00
119 5.01 5.77 0.00
120 4.89 5.55 0.00
121 1.13 68.35 0.00
122 0.47 1.29 0.00
123 5.48 5.25 0.00
124 0.31 0.77 0.00
125 5.01 7.05 0.00
126 6.26 74.23 0.00
127 4.83 5.38 0.00
128 0.42 1.29 0.00
129 1.45 0.77 0.00
130 4.89 5.42 0.00
131 5.85 73.35 0.00
132 0.94 0.77 0.00
133 4.90 5.25 0.00
134 4.89 5.90 0.00
135 5.54 5.25 0.00
136 5.68 72.83 0.00
137 5.07 5.77 0.00
138 0.31 0.77 0.00
139 0.30 0.77 0.00
140 5.13 7.28 0.00
141 1.65 69.63 0.00
142 9.51 9.73 0.00
143 4.94 5.90 0.00
144 0.88 0.77 0.00
145 0.36 0.77 0.00
146 1.40 68.88 0.00
147 5.47 5.31 0.00
148 4.91 5.25 0.00
149 0.40 1.29 0.00
150 5.02 5.42 0.00
151 1.13 68.35 0.00
152 9.60 10.44 0.00
153 5.35 5.38 0.00
154 4.91 5.25 0.00
155 5.19 7.05 0.00
156 6.45 74.17 0.00
157 0.53 0.77 0.00
158 1.05 1.29 0.00
159 5.48 5.25 0.00
160 4.89 5.55 0.00
161 1.75 68.88 0.00
162 0.48 0.77 0.00
163 0.30 0.77 0.00
164 5.60 5.77 0.00
165 4.77 5.31 0.00
166 0.95 68.35 0.00
167 0.58 1.29 0.00
168 12012.92 4847.70 0.00
169 8187.65 3083.42 0.00
170 33527.31 6063.54 0.00
