0 0.53 2.90 0.00
1 5.54 5.18 0.00
2 5.86 114.95 0.00
3 0.89 1.93 0.00
4 0.36 0.72 0.00
5 1.30 3.81 0.00
6 5.13 6.99 0.00
7 6.20 115.50 0.00
8 0.61 0.96 0.00
9 5.52 5.83 0.00
10 0.43 2.38 0.00
11 1.22 1.33 0.00
12 6.61 115.34 0.00
13 0.73 1.01 0.00
14 5.41 5.32 0.00
15 0.92 3.69 0.00
16 0.36 0.72 0.00
17 15.64 123.82 0.00
18 0.71 1.55 0.00
19 5.12 5.94 0.00
20 5.03 8.19 0.00
21 0.60 2.50 0.00
22 1.39 110.34 0.00
23 9.80 10.49 0.00
24 1.04 1.24 0.00
25 5.14 7.01 0.00
26 0.36 0.72 0.00
27 2.29 111.48 0.00
28 9.62 9.98 0.00
29 0.36 0.71 0.00
30 1.11 2.90 0.00
31 0.64 1.33 0.00
32 5.87 114.82 0.00
33 5.31 6.07 0.00
34 0.36 0.72 0.00
35 1.52 4.44 0.00
36 0.66 2.51 0.00
37 5.74 114.93 0.00
38 5.66 5.50 0.00
39 0.75 1.86 0.00
40 0.43 2.38 0.00
41 1.51 0.71 0.00
42 5.85 115.40 0.00
43 0.78 1.41 0.00
44 10.02 9.74 0.00
45 0.64 3.06 0.00
46 4.84 5.32 0.00
47 6.66 115.43 0.00
48 0.71 1.49 0.00
49 4.97 5.18 0.00
50 5.03 8.19 0.00
51 0.88 3.13 0.00
52 10.22 119.42 0.00
53 10.45 9.96 0.00
54 4.95 5.85 0.00
55 0.81 3.16 0.00
56 0.94 0.72 0.00
57 1.31 110.85 0.00
58 5.21 5.50 0.00
59 5.70 5.88 0.00
60 0.53 2.90 0.00
61 0.36 0.71 0.00
62 1.20 110.34 0.00
63 5.43 6.41 0.00
64 5.41 5.32 0.00
65 0.66 3.81 0.00
66 0.60 2.51 0.00
67 6.60 115.43 0.00
68 5.21 5.44 0.00
69 4.95 5.77 0.00
70 1.58 2.38 0.00
71 0.64 1.33 0.00
72 1.37 110.86 0.00
73 1.30 1.01 0.00
74 9.51 9.67 0.00
75 5.40 8.23 0.00
76 0.94 0.72 0.00
77 1.26 110.33 0.00
78 5.20 5.97 0.00
79 5.25 5.81 0.00
80 5.03 8.19 0.00
81 0.60 2.50 0.00
82 1.84 110.34 0.00
83 0.78 1.41 0.00
84 5.07 5.72 0.00
85 5.07 7.01 0.00
86 13.56 11.63 0.00
87 1.72 114.36 0.00
88 0.61 0.96 0.00
89 0.94 0.71 0.00
90 0.53 2.90 0.00
91 5.12 5.94 0.00
92 5.93 114.82 0.00
93 5.31 6.14 0.00
94 5.41 5.19 0.00
95 5.48 9.04 0.00
96 9.87 11.47 0.00
97 1.89 110.33 0.00
98 0.61 1.03 0.00
99 1.33 1.86 0.00
100 5.48 6.98 0.00
101 0.36 0.71 0.00
102 5.90 115.34 0.00
103 1.36 1.41 0.00
104 0.36 0.72 0.00
105 5.18 7.66 0.00
106 1.00 0.72 0.00
107 6.01 115.43 0.00
108 9.80 10.57 0.00
109 0.36 0.71 0.00
110 5.03 8.25 0.00
111 0.88 3.13 0.00
112 11.23 119.29 0.00
113 5.21 5.55 0.00
114 0.47 1.24 0.00
115 10.34 12.25 0.00
116 0.36 0.72 0.00
117 1.49 110.85 0.00
118 1.18 1.03 0.00
119 5.12 5.94 0.00
120 5.14 7.37 0.00
121 0.36 0.71 0.00
122 1.32 110.34 0.00
123 5.94 6.54 0.00
124 0.36 0.72 0.00
125 5.14 8.29 0.00
126 5.78 6.99 0.00
127 6.21 115.43 0.00
128 0.61 0.96 0.00
129 1.62 1.23 0.00
130 4.90 6.85 0.00
131 5.12 5.88 0.00
132 1.94 110.86 0.00
133 5.21 5.61 0.00
134 4.97 5.19 0.00
135 6.03 8.29 0.00
136 4.90 5.26 0.00
137 5.80 114.93 0.00
138 0.71 1.55 0.00
139 0.64 1.33 0.00
140 5.10 8.13 0.00
141 1.17 2.50 0.00
142 10.34 119.49 0.00
143 5.44 5.88 0.00
144 1.04 1.24 0.00
145 0.59 2.54 0.00
146 0.42 0.72 0.00
147 6.89 115.96 0.00
148 5.08 5.57 0.00
149 0.36 0.71 0.00
150 5.01 7.50 0.00
151 0.64 1.33 0.00
152 10.58 119.29 0.00
153 6.02 6.01 0.00
154 4.84 5.32 0.00
155 5.54 8.98 0.00
156 5.83 6.99 0.00
157 1.63 110.33 0.00
158 1.24 1.03 0.00
159 5.80 6.46 0.00
160 5.03 6.85 0.00
161 0.94 0.71 0.00
162 1.61 110.86 0.00
163 0.78 1.41 0.00
164 5.41 5.32 0.00
165 5.18 7.53 0.00
166 0.36 0.72 0.00
167 1.72 110.96 0.00
168 12125.08 7253.17 0.00
169 7764.89 4807.42 0.00
