1 0.00 0.57 0.02 1.98 0.89 570.08 570.25 0.15 74.07 0.66 74.88 0.57 0.11
2 0.00 0.00 0.00 0.00 0.00 0.00 0.00 0.00 0.00 0.00 0.00 0.00 0.00
3 0.00 0.00 0.00 0.00 0.00 0.00 0.00 0.00 0.00 0.00 0.00 0.00 0.00
4 0.00 0.00 0.00 2.00 0.00 24.00 24.00 0.00 0.00 0.00 0.00 0.00 0.00
5 0.00 0.00 0.00 0.00 0.00 0.00 0.00 0.00 0.00 0.00 0.00 0.00 0.00
6 0.00 0.00 0.00 6.00 0.00 84.00 28.00 0.00 0.00 0.00 0.00 0.00 0.00
7 0.00 0.00 0.00 10.00 0.00 100.00 20.00 0.00 0.00 0.00 0.00 0.00 0.00
8 0.00 0.00 0.00 0.00 0.00 0.00 0.00 0.00 0.00 0.00 0.00 0.00 0.00
9 0.00 0.00 0.00 3.00 0.00 44.00 29.33 0.00 0.00 0.00 0.00 0.00 0.00
10 0.00 0.00 0.00 0.00 0.00 0.00 0.00 0.00 0.00 0.00 0.00 0.00 0.00
11 0.00 0.00 0.00 0.00 0.00 0.00 0.00 0.00 0.00 0.00 0.00 0.00 0.00
12 0.00 0.00 0.00 0.00 0.00 0.00 0.00 0.00 0.00 0.00 0.00 0.00 0.00
13 0.00 0.00 0.00 0.00 0.00 0.00 0.00 0.00 0.00 0.00 0.00 0.00 0.00
14 0.00 0.00 0.00 1.00 0.00 8.00 16.00 0.00 0.00 0.00 0.00 0.00 0.00
15 0.00 0.00 0.00 14.00 0.00 220.00 31.43 0.01 0.36 0.00 0.36 0.07 0.10
16 0.00 45.00 0.00 59.00 0.00 1432.00 48.54 0.06 1.05 0.00 1.05 0.05 0.30
17 0.00 0.00 0.00 4.00 0.00 48.00 24.00 0.00 0.25 0.00 0.25 0.25 0.10
18 0.00 0.00 0.00 4.00 0.00 60.00 30.00 0.00 0.00 0.00 0.00 0.00 0.00
19 0.00 0.00 0.00 8.00 0.00 92.00 23.00 0.00 0.25 0.00 0.25 0.12 0.10
20 0.00 0.00 0.00 0.00 0.00 0.00 0.00 0.00 0.00 0.00 0.00 0.00 0.00
21 0.00 0.00 0.00 0.00 0.00 0.00 0.00 0.00 0.00 0.00 0.00 0.00 0.00
22 0.00 0.00 0.00 0.00 0.00 0.00 0.00 0.00 0.00 0.00 0.00 0.00 0.00
23 0.00 0.00 0.00 0.00 0.00 0.00 0.00 0.00 0.00 0.00 0.00 0.00 0.00
24 0.00 0.00 0.00 5.00 0.00 64.00 25.60 0.00 0.00 0.00 0.00 0.00 0.00
25 0.00 0.00 0.00 0.00 0.00 0.00 0.00 0.00 0.00 0.00 0.00 0.00 0.00
26 0.00 0.00 0.00 0.00 0.00 0.00 0.00 0.00 0.00 0.00 0.00 0.00 0.00
