0 0.07 0.00 0.06 0.00 0.00 0.00 0.00 0.00 0 0.00
1 0.03 0.00 0.02 0.00 0.00 0.00 0.00 0.00 0 0.00
2 0.02 0.00 0.02 0.00 0.00 0.00 0.00 0.00 0 0.00
3 20.58 0.00 3.15 0.00 0.00 0.01 0.00 0.00 0 0.00
4 33.69 0.00 4.75 0.00 0.00 0.01 0.00 0.00 0 0.00
5 36.08 0.00 5.21 0.00 0.00 0.00 0.00 0.00 0 0.00
6 34.19 0.00 4.91 0.00 0.00 0.02 0.00 0.00 0 0.00
7 29.19 0.00 4.21 0.00 0.00 0.04 0.00 0.00 0 0.00
8 30.91 0.00 4.33 0.00 0.00 0.01 0.00 0.00 0 0.00
9 27.75 0.00 4.41 0.00 0.00 0.00 0.00 0.00 0 0.00
10 29.57 0.00 6.02 0.00 0.00 0.01 0.00 0.00 0 0.00
11 30.19 0.00 4.58 0.00 0.00 0.01 0.00 0.00 0 0.00
12 32.39 0.00 4.39 0.00 0.00 0.00 0.00 0.00 0 0.00
13 33.86 0.00 4.60 0.00 0.00 0.00 0.00 0.00 0 0.00
14 30.99 0.00 4.82 0.00 0.00 0.01 0.00 0.00 0 0.00
15 25.09 0.00 4.46 0.00 0.00 0.00 0.00 0.00 0 0.00
16 27.66 0.00 4.51 0.00 0.00 0.01 0.00 0.00 0 0.00
17 28.54 0.00 4.74 0.00 0.00 0.00 0.00 0.00 0 0.00
18 33.35 0.00 4.77 0.00 0.00 0.01 0.00 0.00 0 0.00
19 31.74 0.00 4.35 0.00 0.00 0.00 0.00 0.00 0 0.00
20 25.81 0.00 4.29 0.00 0.00 0.00 0.00 0.00 0 0.00
21 25.81 0.00 5.23 0.00 0.00 0.01 0.00 0.00 0 0.00
22 29.86 0.00 4.64 0.00 0.00 0.00 0.00 0.00 0 0.00
23 33.38 0.00 4.91 0.00 0.00 0.01 0.00 0.00 0 0.00
