0 0.07 0.00 0.06 0.00 0.00 0.00 0.00 0.00 0 0.00
1 0.03 0.00 0.02 0.00 0.00 0.00 0.00 0.00 0 0.00
2 0.01 0.00 0.01 0.00 0.00 0.00 0.00 0.00 0 0.00
3 20.68 0.00 2.96 0.00 0.00 0.01 0.00 0.00 0 0.00
4 35.61 0.00 4.65 0.00 0.00 0.00 0.00 0.00 0 0.00
5 35.52 0.00 4.56 0.00 0.00 0.00 0.00 0.00 0 0.00
6 31.15 0.00 4.09 0.00 0.00 0.03 0.00 0.00 0 0.00
7 26.57 0.00 4.37 0.00 0.00 0.04 0.00 0.00 0 0.00
8 29.37 0.00 4.83 0.00 0.00 0.00 0.00 0.00 0 0.00
9 28.94 0.00 5.52 0.02 0.00 0.01 0.00 0.00 0 0.00
10 32.84 0.00 4.21 0.00 0.00 0.01 0.00 0.00 0 0.00
11 33.60 0.00 4.29 0.00 0.00 0.01 0.00 0.00 0 0.00
12 26.27 0.00 3.66 0.00 0.00 0.00 0.00 0.00 0 0.00
13 25.27 0.00 4.39 0.00 0.00 0.01 0.00 0.00 0 0.00
14 29.18 0.00 4.48 0.00 0.00 0.00 0.00 0.00 0 0.00
15 33.49 0.00 4.74 0.00 0.00 0.01 0.00 0.00 0 0.00
16 30.44 0.00 4.24 0.00 0.00 0.00 0.00 0.00 0 0.00
17 25.45 0.00 4.15 0.00 0.00 0.00 0.00 0.00 0 0.00
18 26.43 0.00 4.74 0.00 0.00 0.01 0.00 0.00 0 0.00
19 33.59 0.00 4.39 0.00 0.00 0.01 0.00 0.00 0 0.00
20 30.75 0.00 4.33 0.00 0.00 0.00 0.00 0.00 0 0.00
21 24.83 0.00 4.16 0.00 0.00 0.00 0.00 0.00 0 0.00
22 26.39 0.00 4.85 0.00 0.00 0.01 0.00 0.00 0 0.00
23 32.85 0.00 4.51 0.00 0.00 0.01 0.00 0.00 0 0.00
