procs -----------memory---------- ---swap-- -----io---- -system-- ------cpu-----
 r  b   swpd   free   buff  cache   si   so    bi    bo   in   cs us sy id wa st
 2  0      0 340800000   7596 158021232    0    0     0    13    0    1  0  0 100  0  0
 0  0      0 340797536   7596 158021232    0    0     0     0  976 1400  0  0 100  0  0
 0  0      0 340797536   7596 158021232    0    0     0     0  852 1400  0  0 100  0  0
 0  0      0 340797536   7596 158021232    0    0     0    92  924 1590  0  0 100  0  0
 0  0      0 340797536   7596 158021232    0    0     0     0  970 1620  0  0 100  0  0
 1  0      0 340791808   7596 158021232    0    0     0    20 1436 1885  0  0 100  0  0
 1  0      0 340791808   7596 158021232    0    0     0     0  814 1400  0  0 100  0  0
 1  0      0 340791808   7596 158021232    0    0     0     0  896 1435  0  0 100  0  0
 4  0      0 340733728   7596 158021536    0    0     0     0 3041 8598  1  0 99  0  0
 3  0      0 340519840   7596 158021536    0    0     0     0 5786 19156  4  0 96  0  0
 3  0      0 340312128   7596 158021568    0    0     0     0 7219 10683  3  0 96  0  0
 1  0      0 340184096   7596 158021584    0    0     0     0 3130 6665  2  0 98  0  0
 3  0      0 340099968   7596 158070976    0    0     0    32 17534 33776  2  0 97  0  0
 3  0      0 339983488   7596 158177776    0    0     0     0 12300 22513  2  0 98  0  0
 8  0      0 339713664   7596 158178912    0    0     0     0 158699 14608  7  1 92  0  0
16  0      0 339677696   7596 158178912    0    0     0     0 31451 17318  4  0 96  0  0
 4  0      0 339316928   7596 158182368    0    0     0     0 39851 30062  8  0 92  0  0
11  0      0 339123040   7596 158182128    0    0     0 153724 23329 20301  9  0 90  0  0
 3  0      0 339035392   7596 158186400    0    0     0   216 29846 24337  8  0 92  0  0
 4  0      0 339008416   7596 158190192    0    0     0    96 13620 15254  9  0 91  0  0
 9  0      0 338952736   7596 158193024    0    0     0   844 20894 23460  9  0 91  0  0
procs -----------memory---------- ---swap-- -----io---- -system-- ------cpu-----
 r  b   swpd   free   buff  cache   si   so    bi    bo   in   cs us sy id wa st
10  0      0 338852256   7604 158195936    0    0     0  1000 32170 20197  6  3 90  0  0
63  0      0 338672384   7604 158197408    0    0     0  5412 22716 21079  7  3 90  0  0
 4  0      0 338770624   7604 158199456    0    0     0   740 13171 23516  4  2 94  0  0
 0  0      0 338684608   7624 158201120    0    0     0     0 26574 28093  7  6 86  0  0
 0  0      0 340715168   7624 158104416    0    0     0     0 11171 3435  0  0 99  0  0
 0  0      0 340715392   7624 158104128    0    0     0     0 1058 1697  0  0 100  0  0
