procs -----------memory---------- ---swap-- -----io---- -system-- ------cpu-----
 r  b   swpd   free   buff  cache   si   so    bi    bo   in   cs us sy id wa st
 2  0      0 11454924   7452 109783552    0    0     0    12    1    0  0  0 100  0  0
 0  0      0 11452860   7452 109783568    0    0     0     0 1036 1609  0  0 100  0  0
 1  0      0 11452612   7452 109783600    0    0     0    52  990 1484  0  0 100  0  0
 0  0      0 11452620   7452 109783616    0    0     0     0  792 1470  0  0 100  0  0
 0  0      0 11452744   7452 109783632    0    0     0     0  929 1437  0  0 100  0  0
 0  0      0 11445884   7452 109783680    0    0     0     0 1447 2117  0  0 100  0  0
 0  0      0 11445884   7452 109783696    0    0     0     0  916 1402  0  0 100  0  0
 0  0      0 11445884   7452 109783704    0    0     0     0  816 1553  0  0 100  0  0
 2  0      0 11382060   7452 109783752    0    0     0     0 2716 7918  1  0 99  0  0
 5  0      0 11203392   7452 109783776    0    0     0     0 5368 17930  3  0 97  0  0
 2  0      0 11033688   7452 109783808    0    0     0     0 7736 11345  3  0 96  0  0
 8  0      0 10975548   7452 109783824    0    0     0     0 5491 8454  2  0 98  0  0
 4  0      0 10886344   7452 109826592    0    0     0     4 16899 33773  2  0 97  0  0
 4  0      0 10701676   7452 109940896    0    0     0     0 13225 24956  1  0 98  0  0
 6  0      0 10375640   7452 109940808    0    0     0     0 14605 11788 10  1 89  0  0
 3  0      0 10312940   7452 109940816    0    0     0     0 16543 8038  3  0 97  0  0
 1  0      0 10265884   7452 109941240    0    0     0     0 97767 26510  6  0 93  0  0
16  0      0 10199724   7452 109941648    0    0     0    32 89278 22866  9  0 91  0  0
 4  0      0 10015804   7452 109942528    0    0     0     0 18483 16971  5  0 95  0  0
 3  0      0 9916120   7452 109943616    0    0     0     0 21736 12877  6  0 93  0  0
 1  0      0 9639772   7452 109943808    0    0     0   256 20072 23995  8  0 92  0  0
procs -----------memory---------- ---swap-- -----io---- -system-- ------cpu-----
 r  b   swpd   free   buff  cache   si   so    bi    bo   in   cs us sy id wa st
 8  0      0 9568008   7460 109945128    0    0     0    24 17952 10603  5  0 95  0  0
 0  0      0 9549996   7460 109945616    0    0     0   196 14384 13391  6  0 94  0  0
 4  0      0 9547360   7460 109945984    0    0     0     0 7141 10964  2  0 98  0  0
 0  0      0 9539308   7480 109947832    0    0     0     0 11206 17001  4  0 96  0  0
 1  0      0 10854704   7480 109865136    0    0     0     0 13305 2815  0  0 100  0  0
