Linux 3.10.0-1160.el7.x86_64 (newmem1) 	2020年12月21日 	_x86_64_	(96 CPU)

Device:         rrqm/s   wrqm/s     r/s     w/s    rkB/s    wkB/s avgrq-sz avgqu-sz   await r_await w_await  svctm  %util
nvme1n1           0.01     0.00    0.01    0.01     0.59     0.06    61.27     0.00    0.11    0.18    0.03   0.03   0.00
nvme0n1           0.00     0.21    0.01    0.02     0.35     1.07    92.89     0.00    0.16    0.17    0.16   0.03   0.00
sda               0.00     0.02    0.09    0.18     2.04     6.77    66.40     0.00    3.29    0.36    4.69   0.13   0.00
dm-0              0.00     0.00    0.08    0.18     1.97     6.72    66.47     0.00    5.00    0.35    7.22   0.13   0.00
dm-1              0.00     0.00    0.00    0.00     0.01     0.00    50.09     0.00    0.30    0.30    0.00   0.15   0.00
dm-2              0.00     0.00    0.02    0.01     0.59     0.06    45.50     0.00    0.15    0.21    0.04   0.02   0.00
dm-3              0.00     0.00    0.01    0.23     0.35     1.07    11.84     0.00    0.15    0.18    0.15   0.01   0.00

