Linux 3.10.0-1160.el7.x86_64 (newmem2) 	2020年12月21日 	_x86_64_	(96 CPU)

Device:         rrqm/s   wrqm/s     r/s     w/s    rkB/s    wkB/s avgrq-sz avgqu-sz   await r_await w_await  svctm  %util
nvme0n1           0.00   150.57    0.02    5.41     2.20  2368.69   872.44     0.02    4.13    0.14    4.15   0.06   0.03
nvme1n1           0.00     0.01    0.00    0.03     0.07     0.36    29.79     0.00    0.05    0.04    0.05   0.03   0.00
sda               0.00     0.57    0.02    1.99     0.89   568.84   565.31     0.15   73.34    0.66   74.13   0.56   0.11
dm-0              0.00     0.00    0.02    2.49     0.84   568.84   454.26     0.20   79.13    0.66   79.80   0.45   0.11
dm-1              0.00     0.00    0.00    0.00     0.00     0.00    51.82     0.00    0.39    0.40    0.00   0.21   0.00
dm-2              0.00     0.00    0.00    0.03     0.04     0.33    24.01     0.00    0.06    0.05    0.06   0.03   0.00
dm-3              0.00     0.00    0.02  152.60     2.18  1493.14    19.59     0.22    1.47    0.14    1.47   0.00   0.04

Device:         rrqm/s   wrqm/s     r/s     w/s    rkB/s    wkB/s avgrq-sz avgqu-sz   await r_await w_await  svctm  %util
nvme0n1           0.00     0.00    0.00    0.00     0.00     0.00     0.00     0.00    0.00    0.00    0.00   0.00   0.00
nvme1n1           0.00     0.00    0.00    0.00     0.00     0.00     0.00     0.00    0.00    0.00    0.00   0.00   0.00
sda               0.00     0.00    0.00    3.00     0.00    28.00    18.67     0.00    0.00    0.00    0.00   0.00   0.00
dm-0              0.00     0.00    0.00    2.00     0.00    28.00    28.00     0.00    0.00    0.00    0.00   0.00   0.00
dm-1              0.00     0.00    0.00    0.00     0.00     0.00     0.00     0.00    0.00    0.00    0.00   0.00   0.00
dm-2              0.00     0.00    0.00    0.00     0.00     0.00     0.00     0.00    0.00    0.00    0.00   0.00   0.00
dm-3              0.00     0.00    0.00    0.00     0.00     0.00     0.00     0.00    0.00    0.00    0.00   0.00   0.00

