Linux 3.10.0-1160.el7.x86_64 (newmem2) 	2020年12月21日 	_x86_64_	(96 CPU)

15时44分21秒  CPU    %usr   %nice    %sys %iowait    %irq   %soft  %steal  %guest  %gnice   %idle
15时44分22秒  all    0.10    0.00    0.12    0.00    0.00    0.00    0.00    0.00    0.00   99.77
15时44分22秒    0    0.99    0.00    0.00    0.00    0.00    0.00    0.00    0.00    0.00   99.01
15时44分22秒    1    0.00    0.00    0.00    0.00    0.00    0.00    0.00    0.00    0.00  100.00
15时44分22秒    2    1.00    0.00    0.00    0.00    0.00    0.00    0.00    0.00    0.00   99.00
15时44分22秒    3    0.00    0.00    0.00    0.00    0.00    0.00    0.00    0.00    0.00  100.00
15时44分22秒    4    0.00    0.00    0.00    0.00    0.00    0.00    0.00    0.00    0.00  100.00
15时44分22秒    5    0.00    0.00    0.00    0.00    0.00    0.00    0.00    0.00    0.00  100.00
15时44分22秒    6    0.00    0.00    0.00    0.00    0.00    0.00    0.00    0.00    0.00  100.00
15时44分22秒    7    0.99    0.00    0.99    0.00    0.00    0.00    0.00    0.00    0.00   98.02
15时44分22秒    8    0.00    0.00    0.00    0.00    0.00    0.00    0.00    0.00    0.00  100.00
15时44分22秒    9    0.00    0.00    0.00    0.00    0.00    0.00    0.00    0.00    0.00  100.00
15时44分22秒   10    0.00    0.00    0.00    0.00    0.00    0.00    0.00    0.00    0.00  100.00
15时44分22秒   11    0.99    0.00    0.00    0.00    0.00    0.00    0.00    0.00    0.00   99.01
15时44分22秒   12    0.00    0.00    0.00    0.00    0.00    0.00    0.00    0.00    0.00  100.00
15时44分22秒   13    0.00    0.00    0.00    0.00    0.00    0.00    0.00    0.00    0.00  100.00
15时44分22秒   14    0.00    0.00    0.00    0.00    0.00    0.00    0.00    0.00    0.00  100.00
15时44分22秒   15    0.00    0.00    0.00    0.00    0.00    0.00    0.00    0.00    0.00  100.00
15时44分22秒   16    0.00    0.00    0.00    0.00    0.00    0.00    0.00    0.00    0.00  100.00
15时44分22秒   17    0.00    0.00    0.00    0.00    0.00    0.00    0.00    0.00    0.00  100.00
15时44分22秒   18    0.00    0.00    0.00    0.00    0.00    0.00    0.00    0.00    0.00  100.00
15时44分22秒   19    0.00    0.00    0.00    0.00    0.00    0.00    0.00    0.00    0.00  100.00
15时44分22秒   20    0.00    0.00    0.00    0.00    0.00    0.00    0.00    0.00    0.00  100.00
15时44分22秒   21    0.00    0.00    0.00    0.00    0.00    0.00    0.00    0.00    0.00  100.00
15时44分22秒   22    0.00    0.00    0.00    0.00    0.00    0.00    0.00    0.00    0.00  100.00
15时44分22秒   23    0.00    0.00    0.00    0.00    0.00    0.00    0.00    0.00    0.00  100.00
15时44分22秒   24    0.00    0.00    0.00    0.00    0.00    0.00    0.00    0.00    0.00  100.00
15时44分22秒   25    0.00    0.00    0.00    0.00    0.00    0.00    0.00    0.00    0.00  100.00
15时44分22秒   26    0.00    0.00    0.00    0.00    0.00    0.00    0.00    0.00    0.00  100.00
15时44分22秒   27    1.00    0.00    0.00    0.00    0.00    0.00    0.00    0.00    0.00   99.00
15时44分22秒   28    0.00    0.00    0.99    0.00    0.00    0.00    0.00    0.00    0.00   99.01
15时44分22秒   29    0.00    0.00    0.00    0.00    0.00    0.00    0.00    0.00    0.00  100.00
15时44分22秒   30    0.00    0.00    0.00    0.00    0.00    0.00    0.00    0.00    0.00  100.00
15时44分22秒   31    0.00    0.00    0.00    0.00    0.00    0.00    0.00    0.00    0.00  100.00
15时44分22秒   32    0.00    0.00    0.00    0.00    0.00    0.00    0.00    0.00    0.00  100.00
15时44分22秒   33    0.00    0.00    0.00    0.00    0.00    0.00    0.00    0.00    0.00  100.00
15时44分22秒   34    0.00    0.00    0.00    0.00    0.00    0.00    0.00    0.00    0.00  100.00
15时44分22秒   35    0.00    0.00    0.00    0.00    0.00    0.00    0.00    0.00    0.00  100.00
15时44分22秒   36    0.00    0.00    0.00    0.00    0.00    0.00    0.00    0.00    0.00  100.00
15时44分22秒   37    0.00    0.00    0.00    0.00    0.00    0.00    0.00    0.00    0.00  100.00
15时44分22秒   38    0.00    0.00    0.00    0.00    0.00    0.00    0.00    0.00    0.00  100.00
15时44分22秒   39    0.00    0.00    1.00    0.00    0.00    0.00    0.00    0.00    0.00   99.00
15时44分22秒   40    0.00    0.00    0.00    0.00    0.00    0.00    0.00    0.00    0.00  100.00
15时44分22秒   41    0.00    0.00    0.00    0.00    0.00    0.00    0.00    0.00    0.00  100.00
15时44分22秒   42    0.00    0.00    1.00    0.00    0.00    0.00    0.00    0.00    0.00   99.00
15时44分22秒   43    0.00    0.00    0.00    0.00    0.00    0.00    0.00    0.00    0.00  100.00
15时44分22秒   44    0.00    0.00    0.00    0.00    0.00    0.00    0.00    0.00    0.00  100.00
15时44分22秒   45    0.00    0.00    0.00    0.00    0.00    0.00    0.00    0.00    0.00  100.00
15时44分22秒   46    0.00    0.00    0.00    0.00    0.00    0.00    0.00    0.00    0.00  100.00
15时44分22秒   47    0.00    0.00    0.00    0.00    0.00    0.00    0.00    0.00    0.00  100.00
15时44分22秒   48    0.00    0.00    0.00    0.00    0.00    0.00    0.00    0.00    0.00  100.00
15时44分22秒   49    1.00    0.00    2.00    0.00    0.00    0.00    0.00    0.00    0.00   97.00
15时44分22秒   50    0.00    0.00    0.00    0.00    0.00    0.00    0.00    0.00    0.00  100.00
15时44分22秒   51    1.00    0.00    4.00    0.00    0.00    0.00    0.00    0.00    0.00   95.00
15时44分22秒   52    0.99    0.00    0.00    0.00    0.00    0.00    0.00    0.00    0.00   99.01
15时44分22秒   53    0.00    0.00    0.00    0.00    0.00    0.00    0.00    0.00    0.00  100.00
15时44分22秒   54    1.01    0.00    0.00    0.00    0.00    0.00    0.00    0.00    0.00   98.99
15时44分22秒   55    0.00    0.00    0.00    0.00    0.00    0.00    0.00    0.00    0.00  100.00
15时44分22秒   56    0.00    0.00    0.00    0.00    0.00    0.00    0.00    0.00    0.00  100.00
15时44分22秒   57    0.00    0.00    0.00    0.00    0.00    0.00    0.00    0.00    0.00  100.00
15时44分22秒   58    0.00    0.00    0.00    0.00    0.00    0.00    0.00    0.00    0.00  100.00
15时44分22秒   59    0.00    0.00    0.00    0.00    0.00    0.00    0.00    0.00    0.00  100.00
15时44分22秒   60    0.00    0.00    0.00    0.00    0.00    0.00    0.00    0.00    0.00  100.00
15时44分22秒   61    0.00    0.00    0.00    0.00    0.00    0.00    0.00    0.00    0.00  100.00
15时44分22秒   62    0.00    0.00    0.00    0.00    0.00    0.00    0.00    0.00    0.00  100.00
15时44分22秒   63    0.00    0.00    0.00    0.00    0.00    0.00    0.00    0.00    0.00  100.00
15时44分22秒   64    0.00    0.00    0.00    0.00    0.00    0.00    0.00    0.00    0.00  100.00
15时44分22秒   65    0.00    0.00    0.00    0.00    0.00    0.00    0.00    0.00    0.00  100.00
15时44分22秒   66    0.00    0.00    0.00    0.00    0.00    0.00    0.00    0.00    0.00  100.00
15时44分22秒   67    0.00    0.00    0.00    0.00    0.00    0.00    0.00    0.00    0.00  100.00
15时44分22秒   68    0.00    0.00    0.00    0.00    0.00    0.00    0.00    0.00    0.00  100.00
15时44分22秒   69    0.00    0.00    0.00    0.00    0.00    0.00    0.00    0.00    0.00  100.00
15时44分22秒   70    0.00    0.00    0.00    0.00    0.00    0.00    0.00    0.00    0.00  100.00
15时44分22秒   71    0.00    0.00    0.00    0.00    0.00    0.00    0.00    0.00    0.00  100.00
15时44分22秒   72    0.00    0.00    0.00    0.00    0.00    0.00    0.00    0.00    0.00  100.00
15时44分22秒   73    2.00    0.00    2.00    0.00    0.00    0.00    0.00    0.00    0.00   96.00
15时44分22秒   74    0.00    0.00    0.00    0.00    0.00    0.00    0.00    0.00    0.00  100.00
15时44分22秒   75    0.00    0.00    0.00    0.00    0.00    0.00    0.00    0.00    0.00  100.00
15时44分22秒   76    0.00    0.00    0.00    0.00    0.00    0.00    0.00    0.00    0.00  100.00
15时44分22秒   77    0.00    0.00    0.00    0.00    0.00    0.00    0.00    0.00    0.00  100.00
15时44分22秒   78    0.00    0.00    0.00    0.00    0.00    0.00    0.00    0.00    0.00  100.00
15时44分22秒   79    0.00    0.00    0.00    0.00    0.00    0.00    0.00    0.00    0.00  100.00
15时44分22秒   80    0.00    0.00    0.00    0.00    0.00    0.00    0.00    0.00    0.00  100.00
15时44分22秒   81    0.00    0.00    0.00    0.00    0.00    0.00    0.00    0.00    0.00  100.00
15时44分22秒   82    0.00    0.00    0.00    0.00    0.00    0.00    0.00    0.00    0.00  100.00
15时44分22秒   83    0.00    0.00    0.00    0.00    0.00    0.00    0.00    0.00    0.00  100.00
15时44分22秒   84    0.00    0.00    0.00    0.00    0.00    0.00    0.00    0.00    0.00  100.00
15时44分22秒   85    0.00    0.00    0.00    0.00    0.00    0.00    0.00    0.00    0.00  100.00
15时44分22秒   86    0.00    0.00    0.00    0.00    0.00    0.00    0.00    0.00    0.00  100.00
15时44分22秒   87    0.00    0.00    0.00    0.00    0.00    0.00    0.00    0.00    0.00  100.00
15时44分22秒   88    0.00    0.00    0.00    0.00    0.00    0.00    0.00    0.00    0.00  100.00
15时44分22秒   89    0.00    0.00    0.00    0.00    0.00    0.00    0.00    0.00    0.00  100.00
15时44分22秒   90    0.00    0.00    0.00    0.00    0.00    0.00    0.00    0.00    0.00  100.00
15时44分22秒   91    0.00    0.00    0.00    0.00    0.00    0.00    0.00    0.00    0.00  100.00
15时44分22秒   92    0.00    0.00    0.00    0.00    0.00    0.00    0.00    0.00    0.00  100.00
15时44分22秒   93    0.00    0.00    0.00    0.00    0.00    0.00    0.00    0.00    0.00  100.00
15时44分22秒   94    0.00    0.00    0.00    0.00    0.00    0.00    0.00    0.00    0.00  100.00
15时44分22秒   95    0.00    0.00    0.00    0.00    0.00    0.00    0.00    0.00    0.00  100.00
