0 0.00 0.00 0.00 0.00 0.00 0.00 0.00 0.00 0 0.00
1 0.01 0.00 0.01 0.00 0.00 0.00 0.00 0.00 0 0.00
2 0.00 0.00 0.01 0.00 0.00 0.00 0.00 0.00 0 0.00
3 0.08 0.00 0.07 0.00 0.00 0.00 0.00 0.00 0 0.00
4 0.00 0.00 0.01 0.00 0.00 0.00 0.00 0.00 0 0.00
5 0.01 0.00 0.01 0.00 0.00 0.00 0.00 0.00 0 0.00
6 0.00 0.00 0.00 0.00 0.00 0.00 0.00 0.00 0 0.00
7 1.96 0.00 0.22 0.00 0.00 0.00 0.00 0.00 0 0.00
8 2.87 0.00 0.21 0.00 0.00 0.00 0.00 0.00 0 0.00
9 3.48 0.00 0.25 0.00 0.00 0.00 0.00 0.00 0 0.00
10 1.89 0.00 0.21 0.00 0.00 0.00 0.00 0.00 0 0.00
11 1.46 0.00 0.27 0.00 0.00 0.00 0.00 0.00 0 0.00
12 4.68 0.00 0.32 0.00 0.00 0.00 0.00 0.00 0 0.00
13 6.72 0.00 0.45 0.01 0.00 0.00 0.00 0.00 0 0.00
14 6.32 0.00 0.26 0.00 0.00 0.00 0.00 0.00 0 0.00
15 2.26 0.00 0.09 0.00 0.00 0.00 0.00 0.00 0 0.00
16 3.44 0.00 0.10 0.00 0.00 0.00 0.00 0.00 0 0.00
17 1.91 0.00 0.08 0.00 0.00 0.00 0.00 0.00 0 0.00
18 4.62 0.00 0.27 0.00 0.00 0.00 0.00 0.00 0 0.00
19 4.71 0.00 0.23 0.00 0.00 0.01 0.00 0.00 0 0.00
