0 0.00 0.00 0.01 0.00 0.00 0.00 0.00 0.00 0 0.00
1 0.00 0.00 0.01 0.00 0.00 0.00 0.00 0.00 0 0.00
2 0.00 0.00 0.00 0.00 0.00 0.00 0.00 0.00 0 0.00
3 0.08 0.00 0.05 0.00 0.00 0.00 0.00 0.00 0 0.00
4 0.00 0.00 0.01 0.00 0.00 0.00 0.00 0.00 0 0.00
5 0.01 0.00 0.01 0.00 0.00 0.00 0.00 0.00 0 0.00
6 0.00 0.00 0.00 0.00 0.00 0.00 0.00 0.00 0 0.00
7 2.04 0.00 0.21 0.00 0.00 0.00 0.00 0.00 0 0.00
8 2.96 0.00 0.20 0.00 0.00 0.00 0.00 0.00 0 0.00
9 2.93 0.00 0.26 0.00 0.00 0.00 0.00 0.00 0 0.00
10 1.62 0.00 0.18 0.00 0.00 0.01 0.00 0.00 0 0.00
11 1.37 0.00 0.24 0.00 0.00 0.00 0.00 0.00 0 0.00
12 3.81 0.00 0.26 0.00 0.00 0.00 0.00 0.00 0 0.00
13 5.58 0.00 1.16 0.00 0.00 0.00 0.00 0.00 0 0.00
14 4.55 0.00 0.19 0.00 0.00 0.00 0.00 0.00 0 0.00
15 1.58 0.00 0.05 0.00 0.00 0.00 0.00 0.00 0 0.00
16 1.80 0.00 0.06 0.00 0.00 0.00 0.00 0.00 0 0.00
17 0.60 0.00 0.06 0.00 0.00 0.00 0.00 0.00 0 0.00
18 2.53 0.00 0.22 0.00 0.00 0.01 0.00 0.00 0 0.00
19 4.36 0.00 0.28 0.00 0.00 0.00 0.00 0.00 0 0.00
20 2.32 0.00 0.15 0.00 0.00 0.00 0.00 0.00 0 0.00
