0 0.93 0.70 0.00
1 2.18 111.03 0.00
2 5.07 7.10 0.00
3 0.86 1.53 0.00
4 5.07 7.36 0.00
5 12.97 2153.59 0.00
6 15.82 7520.80 0.00
7 20.50 5390.57 0.00
8 15.35 7367.83 0.00
9 12.66 5890.06 0.00
10 21.86 11188.27 0.00
11 20.05 4853.31 0.00
12 16.08 8108.67 0.00
13 15.62 7486.00 0.00
14 20.60 8083.82 0.00
15 24.49 12479.98 0.00
16 6.97 2798.67 0.00
17 14.75 4844.27 0.00
18 0.43 0.83 0.00
19 25.62 12910.44 0.00
20 25.88 10892.19 0.00
21 14.22 4343.86 0.00
22 6.78 3292.38 0.00
23 27.75 13770.77 0.00
24 15.54 5415.00 0.00
25 5.00 5.71 0.00
26 6.85 115.38 0.00
27 0.88 1.58 0.00
28 0.60 1.30 0.00
29 1.17 2.89 0.00
30 0.36 0.70 0.00
31 11.63 120.74 0.00
32 0.59 2.49 0.00
33 5.03 5.46 0.00
34 1.17 2.88 0.00
35 0.87 3.13 0.00
36 11.47 119.41 0.00
37 10.46 10.66 0.00
38 0.59 1.32 0.00
39 1.28 3.00 0.00
40 5.07 5.70 0.00
41 6.08 115.63 0.00
42 0.93 0.70 0.00
43 0.88 2.00 0.00
44 0.59 2.87 0.00
45 0.36 0.71 0.00
46 10.59 119.86 0.00
47 5.46 7.91 0.00
48 0.55 0.78 0.00
49 0.65 2.89 0.00
50 9.73 11.57 0.00
51 2.09 111.14 0.00
52 1.04 1.22 0.00
53 5.08 5.84 0.00
54 5.09 6.84 0.00
55 5.86 6.41 0.00
56 1.56 110.84 0.00
57 5.36 5.60 0.00
58 5.65 5.76 0.00
59 5.41 8.06 0.00
60 1.06 3.58 0.00
61 1.92 111.03 0.00
62 9.67 11.51 0.00
63 1.44 1.53 0.00
64 0.59 2.88 0.00
65 1.40 2.59 0.00
66 6.62 114.93 0.00
67 5.39 6.51 0.00
68 5.78 5.77 0.00
69 4.96 6.98 0.00
70 5.06 5.70 0.00
71 2.77 111.65 0.00
72 0.36 0.70 0.00
73 9.68 10.39 0.00
74 0.59 2.87 0.00
75 5.12 5.88 0.00
76 6.23 115.32 0.00
77 5.47 7.52 0.00
78 0.43 0.77 0.00
79 5.42 8.00 0.00
80 0.59 2.49 0.00
81 1.43 110.51 0.00
82 5.52 5.83 0.00
83 5.36 6.47 0.00
84 5.09 6.84 0.00
85 1.04 1.24 0.00
86 5.90 115.38 0.00
87 5.28 6.12 0.00
88 1.18 1.30 0.00
89 9.73 11.97 0.00
90 0.99 0.70 0.00
91 6.61 116.14 0.00
92 0.59 2.49 0.00
93 1.13 0.85 0.00
94 9.67 11.90 0.00
95 1.45 3.13 0.00
96 2.12 110.33 0.00
97 5.47 6.12 0.00
98 1.11 1.28 0.00
99 5.31 7.48 0.00
100 4.94 5.70 0.00
101 2.36 111.02 0.00
102 4.90 5.18 0.00
103 10.03 10.96 0.00
104 0.59 2.87 0.00
105 9.38 9.80 0.00
106 1.58 110.85 0.00
107 1.15 3.30 0.00
108 5.15 5.38 0.00
109 5.25 7.50 0.00
110 0.77 2.49 0.00
111 7.17 115.61 0.00
112 5.00 5.70 0.00
113 5.08 5.91 0.00
114 5.67 6.84 0.00
115 5.40 6.47 0.00
116 1.78 109.74 0.00
117 1.33 1.12 0.00
118 0.54 1.29 0.00
119 10.59 12.47 0.00
120 5.07 5.31 0.00
121 6.40 115.64 0.00
122 5.71 6.97 0.00
123 2064.57 1584.74 0.00
124 51680.91 29618.91 0.00
