0 1.55 1.63 0.00
1 1.47 1.12 0.00
2 5.57 7.30 0.00
3 0.81 1.64 0.00
4 5.71 72.98 0.00
5 5.74 7.19 0.00
6 2.68 4.70 0.00
7 9.45 10.01 0.00
8 0.97 1.28 0.00
9 1.76 68.87 0.00
10 0.29 0.77 0.00
11 9.67 10.41 0.00
12 1.28 1.82 0.00
13 1.28 1.12 0.00
14 5.86 73.56 0.00
15 1.14 1.79 0.00
16 0.79 1.03 0.00
17 5.29 7.40 0.00
18 0.40 1.29 0.00
19 1.01 68.35 0.00
20 5.00 7.10 0.00
21 5.10 5.85 0.00
22 0.29 0.77 0.00
23 1.09 1.46 0.00
24 19.60 5451.33 0.00
25 12.65 3966.17 0.00
26 5.60 5.81 0.00
27 0.41 1.29 0.00
28 0.29 0.77 0.00
29 1.56 68.93 0.00
30 0.46 1.35 0.00
31 9.96 9.79 0.00
32 0.53 2.56 0.00
33 5.12 5.94 0.00
34 1.58 68.35 0.00
35 0.60 4.41 0.00
36 10.06 10.24 0.00
37 9.90 9.79 0.00
38 0.40 1.28 0.00
39 1.63 68.87 0.00
40 4.77 5.37 0.00
41 5.01 5.76 0.00
42 0.98 1.29 0.00
43 0.41 0.94 0.00
44 1.46 68.86 0.00
45 0.50 1.34 0.00
46 9.37 9.85 0.00
47 5.14 7.03 0.00
48 0.46 1.29 0.00
49 3.47 71.00 0.00
50 11.58 13.70 0.00
51 1.58 2.55 0.00
52 0.87 0.77 0.00
53 5.06 5.93 0.00
54 5.78 73.48 0.00
55 5.48 5.25 0.00
56 0.46 1.35 0.00
57 5.17 6.18 0.00
58 5.35 5.31 0.00
59 5.78 73.34 0.00
60 2.26 2.55 0.00
61 0.80 1.27 0.00
62 10.28 12.40 0.00
63 1.59 1.97 0.00
64 1.25 68.60 0.00
65 1.17 2.56 0.00
66 5.58 5.77 0.00
67 4.78 5.31 0.00
68 5.45 5.89 0.00
69 5.94 73.35 0.00
70 4.83 5.31 0.00
71 1.48 1.79 0.00
72 0.40 1.29 0.00
73 9.75 10.28 0.00
74 1.11 68.86 0.00
75 5.53 6.36 0.00
76 5.02 5.57 0.00
77 5.14 7.03 0.00
78 0.65 1.54 0.00
79 5.82 73.16 0.00
80 0.78 2.82 0.00
81 1.17 2.07 0.00
82 5.47 5.25 0.00
83 6.30 7.27 0.00
84 6.26 74.01 0.00
85 0.88 0.77 0.00
86 5.29 6.08 0.00
87 6.12 6.84 0.00
88 1.13 1.04 0.00
89 11.51 78.72 0.00
90 1.29 1.55 0.00
91 5.60 6.09 0.00
92 0.79 2.83 0.00
93 1.09 1.46 0.00
94 10.86 77.70 0.00
95 6.83 9.31 0.00
96 7.12 7.83 0.00
97 7.76 8.68 0.00
98 2.20 2.54 0.00
99 6.70 74.67 0.00
100 5.59 6.18 0.00
101 1.04 1.28 0.00
102 4.88 5.83 0.00
103 9.37 10.09 0.00
104 1.62 68.86 0.00
105 9.86 10.64 0.00
106 0.84 1.33 0.00
107 1.65 3.57 0.00
108 6.23 6.78 0.00
109 6.39 73.33 0.00
110 1.67 3.53 0.00
111 6.20 6.59 0.00
112 4.83 5.31 0.00
113 5.12 5.93 0.00
114 6.16 73.48 0.00
115 5.09 5.25 0.00
116 0.46 1.35 0.00
117 0.99 1.29 0.00
118 0.29 0.77 0.00
119 10.86 78.01 0.00
120 5.49 6.02 0.00
121 5.16 5.50 0.00
122 6.32 7.86 0.00
123 4437.34 909.07 0.00
124 49245.60 22673.35 0.00
