procs -----------memory---------- ---swap-- -----io---- -system-- ------cpu-----
 r  b   swpd   free   buff  cache   si   so    bi    bo   in   cs us sy id wa st
 3  0      0 500567168   2124 2032944    0    0     0     0    2    3  0  0 100  0  0
 0  0      0 500564672   2124 2032944    0    0     0     0  425  286  0  0 100  0  0
 0  0      0 500564672   2124 2032944    0    0     0     0  392  422  0  0 100  0  0
 0  0      0 500564672   2124 2032944    0    0     0     0  154  246  0  0 100  0  0
 1  0      0 500558752   2124 2032944    0    0     0     0  764  699  0  0 100  0  0
 0  0      0 500558144   2124 2032944    0    0     0     0  206  239  0  0 100  0  0
 0  0      0 500558144   2124 2032944    0    0     0     0  440  479  0  0 100  0  0
 0  0      0 500558272   2124 2032944    0    0     0     0  152  239  0  0 100  0  0
 3  0      0 500445696   2124 2032984    0    0     0     0 3815 18248  2  0 98  0  0
 1  0      0 500226144   2124 2033196    0    0     0    36 4110 13230  3  0 97  0  0
 1  0      0 500080192   2124 2033144    0    0     0     0 6944 7523  3  0 97  0  0
 1  0      0 500015392   2124 2042932    0    0     0     0 5112 13665  2  0 98  0  0
 2  0      0 499939072   2124 2104436    0    0     0     0 19774 35945  1  0 98  0  0
 6  0      0 499684448   2124 2190428    0    0     0     0 6292 10647  4  0 96  0  0
 6  0      0 499353184   2124 2190696    0    0     0     0 45508 10162  5  1 93  0  0
 3  0      0 499324128   2124 2190704    0    0     0   156 56989 9238  5  0 95  0  0
 1  0      0 499324608   2124 2190720    0    0     0     0 6147 5884  2  0 98  0  0
 0  0      0 499321760   2124 2190740    0    0     0     0 3780 7397  2  0 98  0  0
 7  0      0 499324192   2124 2190756    0    0     0     0 1457 3446  1  0 99  0  0
 0  0      0 499316192   2124 2190764    0    0     0 106920 11570 15480  3  0 97  0  0
10  0      0 499262848   2124 2190812    0    0     0     0 14719 18712  4  0 96  0  0
procs -----------memory---------- ---swap-- -----io---- -system-- ------cpu-----
 r  b   swpd   free   buff  cache   si   so    bi    bo   in   cs us sy id wa st
 0  0      0 499324736   2124 2113224    0    0     0     0 6244 10691  2  0 97  0  0
 1  0      0 500473440   2124 2113256    0    0     0    36 9030 1245  0  0 100  0  0
