procs -----------memory---------- ---swap-- -----io---- -system-- ------cpu-----
 r  b   swpd   free   buff  cache   si   so    bi    bo   in   cs us sy id wa st
 2  0      0 123069184   2124 2039416    0    0     0     0    2    3  0  0 100  0  0
 0  0      0 123067200   2124 2039416    0    0     0     0  562  261  0  0 100  0  0
 0  0      0 123067200   2124 2039416    0    0     0     0  140  226  0  0 100  0  0
 0  0      0 123067200   2124 2039416    0    0     0     0  432  480  0  0 100  0  0
 1  0      0 123062040   2124 2039416    0    0     0    28  686  715  0  0 100  0  0
 0  0      0 123060800   2124 2039416    0    0     0     0  339  251  0  0 100  0  0
 1  0      0 123060800   2124 2039416    0    0     0     0  165  247  0  0 100  0  0
 1  0      0 123060800   2124 2039416    0    0     0     0  422  434  0  0 100  0  0
 6  0      0 122949840   2124 2038308    0    0     0     0 3686 18683  2  0 98  0  0
 3  0      0 122747712   2124 2038324    0    0     0     0 4419 13657  3  0 97  0  0
 3  0      0 122591656   2124 2038364    0    0     0   300 6683 7853  3  0 96  0  0
 2  0      0 122462352   2124 2058688    0    0     0     0 5050 18095  2  0 98  0  0
 2  0      0 122373616   2124 2130348    0    0     0    36 9956 33465  1  0 98  0  0
 4  0      0 122103840   2124 2195488    0    0     0     0 6793 12600  5  0 95  0  0
 4  0      0 121966496   2124 2195688    0    0     0     0 34186 10795  7  0 93  0  0
 9  0      0 121944112   2124 2195760    0    0     0     0 53581 13166  6  0 93  0  0
 1  0      0 121933080   2124 2195784    0    0     0     0 7698 9540  2  0 98  0  0
 2  0      0 121929424   2124 2195812    0    0     0     0 6808 11751  3  0 96  0  0
 4  0      0 121921104   2124 2195836    0    0     0     0 4653 5328  2  0 98  0  0
18  0      0 121891072   2124 2195896    0    0     0     0 14382 19617  4  0 95  0  0
12  0      0 121838896   2124 2195988    0    0     0     0 12644 17552  5  0 95  0  0
procs -----------memory---------- ---swap-- -----io---- -system-- ------cpu-----
 r  b   swpd   free   buff  cache   si   so    bi    bo   in   cs us sy id wa st
 0  0      0 121825776   2124 2118552    0    0     0     0 6087 10557  2  0 98  0  0
