procs -----------memory---------- ---swap-- -----io---- -system-- ------cpu-----
 r  b   swpd   free   buff  cache   si   so    bi    bo   in   cs us sy id wa st
 3  0      0 499850112   2124 2748512    0    0     0     0    3    3  0  0 100  0  0
 0  0      0 499847744   2124 2748512    0    0     0     0  546  315  0  0 100  0  0
 2  0      0 499799968   2124 2783856    0    0     0     0 45799 25283  0  1 99  0  0
 0  0      0 499794944   2124 2784608    0    0     0     0 12076 3931  0  0 100  0  0
 1  0      0 499787552   2124 2784608    0    0     0     0 21256 6449  1  0 99  0  0
 2  0      0 499767008   2124 2784608    0    0     0     0 27801 8783  1  0 99  0  0
 0  0      0 499764864   2124 2784608    0    0     0     0 15558 5159  1  0 99  0  0
 1  0      0 499802464   2124 2746504    0    0     0   192 23153 7116  0  0 99  0  0
 1  0      0 499803840   2124 2746504    0    0     0     0 25415 7888  0  0 99  0  0
 1  0      0 499796416   2124 2753156    0    0     0     0 22839 7734  1  1 98  0  0
 2  0      0 499768160   2124 2753156    0    0     0   756 41831 11740  2  0 98  0  0
 3  0      0 499770208   2124 2753192    0    0     0   316 14956 5251  1  0 99  0  0
 2  0      0 499771456   2124 2753220    0    0     0     0 29879 8670  1  0 99  0  0
 1  0      0 499769792   2124 2753220    0    0     0     0 29277 8748  0  0 99  0  0
 2  0      0 499766528   2124 2753240    0    0     0   700 40358 11490  1  0 99  0  0
 0  0      0 499768640   2124 2753240    0    0     8     0 13184 4171  0  0 99  0  0
 0  0      0 499769248   2124 2753240    0    0     0     0 19100 5928  1  0 99  0  0
 0  0      0 499773664   2124 2753240    0    0     0     0 14365 4382  0  0 100  0  0
 0  0      0 499775200   2124 2753240    0    0     0     0 6675 3633  0  0 100  0  0
 0  0      0 499775200   2124 2753240    0    0     0     0 1588 1005  0  0 100  0  0
