procs -----------memory---------- ---swap-- -----io---- -system-- ------cpu-----
 r  b   swpd   free   buff  cache   si   so    bi    bo   in   cs us sy id wa st
 3  0      0 122426960   2124 2676528    0    0     0     0    3    3  0  0 100  0  0
 0  0      0 122424480   2124 2676528    0    0     0     0  490  309  0  0 100  0  0
 0  0      0 122374384   2124 2716876    0    0     0     0 41505 26829  1  1 99  0  0
 0  0      0 122372320   2124 2717628    0    0     0     0 15254 4353  0  0 100  0  0
 0  0      0 122412280   2124 2680820    0    0     0     0 24244 7113  0  0 99  0  0
 3  0      0 122404976   2124 2680820    0    0     0 41764 26024 7488  0  0 99  0  0
 1  0      0 122393096   2124 2680812    0    0     0     0 13380 4476  1  0 99  0  0
 0  0      0 122388576   2124 2680820    0    0     0     0 27732 7863  0  0 99  0  0
 0  0      0 122385920   2124 2680836    0    0     0     0 31873 9062  0  0 99  0  0
 2  0      0 122383536   2124 2680848    0    0     0   252 22838 7006  1  0 99  0  0
 2  0      0 122362664   2124 2680856    0    0     0     0 38365 10676  1  1 98  0  0
 4  0      0 122367216   2124 2680872    0    0     0     0 14407 5070  0  0 100  0  0
 1  0      0 122367032   2124 2680880    0    0     8     0 32145 8862  1  0 99  0  0
 3  0      0 122359912   2124 2680900    0    0     0     0 29788 8501  0  0 99  0  0
 0  0      0 122360984   2124 2680876    0    0     0     0 42547 10818  1  0 99  0  0
 0  0      0 122360600   2124 2680888    0    0   632     0 15715 4934  0  0 99  0  0
 0  0      0 122362336   2124 2680888    0    0     0     0 22122 6482  1  0 99  0  0
 0  0      0 122363104   2124 2680392    0    0   444     0 18910 5411  1  0 99  0  0
 0  0      0 122367680   2124 2681500    0    0     0     0 5719 3273  0  0 100  0  0
 1  0      0 122361824   2124 2681500    0    0     0     0 2968 2052  0  0 100  0  0
