procs -----------memory---------- ---swap-- -----io---- -system-- ------cpu-----
 r  b   swpd   free   buff  cache   si   so    bi    bo   in   cs us sy id wa st
 3  0      0 319409440 291112 177952928    0    0     0    15    0    0  0  0 100  0  0
 0  0      0 319404608 291112 177952992    0    0     0     0 1604 2595  0  0 100  0  0
 0  0      0 319404608 291112 177952992    0    0     0     0 1424 2491  0  0 100  0  0
 1  0      0 319404608 291112 177953008    0    0     0    16 1430 2598  0  0 100  0  0
 1  0      0 319404512 291112 177953024    0    0     0     0 1348 2376  0  0 100  0  0
 0  0      0 319404512 291112 177953024    0    0     0    12 1396 2493  0  0 100  0  0
 0  0      0 319404512 291112 177953056    0    0     0     0 1401 2488  0  0 100  0  0
 0  0      0 319404512 291112 177953056    0    0     0     0 1853 2750  0  0 100  0  0
 0  0      0 319404512 291112 177953056    0    0     0    16 2688 3278  0  0 100  0  0
 0  0      0 319404512 291116 177953088    0    0     0    36 2519 3126  0  0 100  0  0
 1  0      0 319404512 291116 177953088    0    0     0     0 2516 3050  0  0 100  0  0
 1  0      0 319404512 291116 177953088    0    0     0     0 2709 3125  0  0 100  0  0
 1  0      0 319404480 291116 177953120    0    0     0     0 2406 3001  0  0 100  0  0
 1  0      0 319404480 291116 177953120    0    0     0   560 2229 3113  0  0 100  0  0
 0  0      0 319404352 291116 177953120    0    0     0     0 3200 3417  0  0 100  0  0
 0  0      0 319404352 291116 177953152    0    0     0    12 1668 2544  0  0 100  0  0
 0  0      0 319403840 291116 177953152    0    0     0     0 3295 3428  0  0 100  0  0
 0  0      0 319403968 291116 177953312    0    0     0     0 2564 3107  0  0 100  0  0
 0  0      0 319404064 291116 177953312    0    0     0    12 2515 3129  0  0 100  0  0
 0  0      0 319404064 291116 177953328    0    0     0     0 1400 2384  0  0 100  0  0
 0  0      0 319403968 291116 177953328    0    0     0    12 2560 3039  0  0 100  0  0
procs -----------memory---------- ---swap-- -----io---- -system-- ------cpu-----
 r  b   swpd   free   buff  cache   si   so    bi    bo   in   cs us sy id wa st
 0  0      0 319404096 291120 177953344    0    0     0    16 3375 3583  0  0 100  0  0
 0  0      0 319404096 291120 177953344    0    0     0     0 2820 3238  0  0 100  0  0
 0  0      0 319404224 291120 177953376    0    0     0    12 1388 2538  0  0 100  0  0
 0  0      0 319404224 291120 177953376    0    0     0     0 1401 2406  0  0 100  0  0
 0  0      0 319404224 291120 177953392    0    0     0    20 1937 2804  0  0 100  0  0
 0  0      0 319404224 291120 177953392    0    0     0     0 3317 3474  0  0 100  0  0
 0  0      0 319404224 291120 177953392    0    0     0     0 2816 3243  0  0 100  0  0
 0  0      0 319404224 291120 177953392    0    0     0    12 1382 2528  0  0 100  0  0
 0  0      0 319404064 291120 177953440    0    0     0     0 1439 2544  0  0 100  0  0
 0  0      0 319404192 291120 177953440    0    0     0    56 1383 2450  0  0 100  0  0
 0  0      0 319404192 291120 177953456    0    0     0     0 1335 2378  0  0 100  0  0
 0  0      0 319404288 291120 177953472    0    0     0     0 1344 2408  0  0 100  0  0
 0  0      0 319404288 291120 177953472    0    0     0    16 1472 2690  0  0 100  0  0
 0  0      0 319404416 291120 177953488    0    0     0     0 1408 2427  0  0 100  0  0
 0  0      0 319404416 291120 177953504    0    0     0   408 1319 2377  0  0 100  0  0
 0  0      0 319404288 291120 177953504    0    0     0     0 1320 2390  0  0 100  0  0
 0  0      0 319404288 291120 177953504    0    0     0     0 1462 2577  0  0 100  0  0
 0  0      0 319404288 291120 177953536    0    0     0    20 1417 2564  0  0 100  0  0
 0  0      0 319404288 291120 177953536    0    0     0    28 1355 2396  0  0 100  0  0
 0  0      0 319404288 291124 177953536    0    0     0    40 1316 2357  0  0 100  0  0
 0  0      0 319404288 291124 177953536    0    0     0     0 1399 2490  0  0 100  0  0
procs -----------memory---------- ---swap-- -----io---- -system-- ------cpu-----
 r  b   swpd   free   buff  cache   si   so    bi    bo   in   cs us sy id wa st
 1  0      0 319404288 291124 177953536    0    0     0     0 1405 2472  0  0 100  0  0
 0  0      0 319404288 291124 177953536    0    0     0   212 1416 2556  0  0 100  0  0
 1  0      0 319404288 291124 177953536    0    0     0     4 1341 2376  0  0 100  0  0
 1  0      0 319404288 291124 177953536    0    0     0    12 1457 2536  0  0 100  0  0
 1  0      0 319404288 291124 177953536    0    0     0     0 1329 2376  0  0 100  0  0
 0  0      0 319404288 291124 177953536    0    0     0     0 1365 2388  0  0 100  0  0
 0  0      0 319404288 291124 177953536    0    0     0    28 1424 2592  0  0 100  0  0
 0  0      0 319404288 291124 177953536    0    0     0     0 1378 2480  0  0 100  0  0
 0  0      0 319404288 291124 177953536    0    0     0    16 1376 2424  0  0 100  0  0
 0  0      0 319404320 291124 177953696    0    0     0     0 1342 2440  0  0 100  0  0
 0  0      0 319404192 291124 177953712    0    0     0     0 1340 2408  0  0 100  0  0
 0  0      0 319404320 291124 177953696    0    0     0    12 1519 2718  0  0 100  0  0
 0  0      0 319404320 291124 177953728    0    0     0     0 1458 2475  0  0 100  0  0
 0  0      0 319404320 291124 177953744    0    0     0    20 1337 2359  0  0 100  0  0
 0  0      0 319404320 291124 177953760    0    0     0     0 1307 2350  0  0 100  0  0
 0  0      0 319404320 291124 177953760    0    0     0     0 1449 2578  0  0 100  0  0
 0  0      0 319404320 291124 177953760    0    0     0    12 1414 2552  0  0 100  0  0
 0  0      0 319404192 291124 177953760    0    0     0     0 1328 2348  0  0 100  0  0
 0  0      0 319404192 291124 177953760    0    0     0    24 1373 2390  0  0 100  0  0
 0  0      0 319404192 291124 177953760    0    0     0     0 1405 2480  0  0 100  0  0
 0  0      0 319404192 291124 177953760    0    0     0     0 1388 2424  0  0 100  0  0
procs -----------memory---------- ---swap-- -----io---- -system-- ------cpu-----
 r  b   swpd   free   buff  cache   si   so    bi    bo   in   cs us sy id wa st
 0  0      0 319404192 291124 177953760    0    0     0    12 1368 2520  0  0 100  0  0
 1  0      0 319404192 291124 177953760    0    0     0     0 1363 2366  0  0 100  0  0
 0  0      0 319404192 291124 177953760    0    0     0     0 1458 2517  0  0 100  0  0
 0  0      0 319404192 291124 177953760    0    0     0     0 1380 2424  0  0 100  0  0
 0  0      0 319404192 291124 177953760    0    0     0     0 1363 2410  0  0 100  0  0
 0  0      0 319404224 291124 177953872    0    0     0    12 1398 2601  0  0 100  0  0
 0  0      0 319404224 291124 177953888    0    0     0     0 1437 2571  0  0 100  0  0
 0  0      0 319404224 291124 177953888    0    0     0   420 1382 2421  0  0 100  0  0
 0  0      0 319404224 291124 177953888    0    0     0     0 1328 2367  0  0 100  0  0
 0  0      0 319404096 291124 177953920    0    0     0     0 1382 2420  0  0 100  0  0
 0  0      0 319404096 291124 177953952    0    0     0    16 1455 2683  0  0 100  0  0
 0  0      0 319404096 291124 177953952    0    0     0   144 1407 2425  0  0 100  0  0
 0  0      0 319404096 291124 177953952    0    0     0    12 1364 2402  0  0 100  0  0
 0  0      0 319404096 291124 177953952    0    0     0     0 1317 2346  0  0 100  0  0
 0  0      0 319404352 291124 177953952    0    0     0     0 1458 2548  0  0 100  0  0
 0  0      0 319404352 291124 177953952    0    0     0    12 1414 2588  0  0 100  0  0
 0  0      0 319404352 291124 177953952    0    0     0     0 1334 2362  0  0 100  0  0
 0  0      0 319404352 291124 177953952    0    0     0    12 1351 2391  0  0 100  0  0
 0  0      0 319404352 291124 177953952    0    0     0     0 1425 2534  0  0 100  0  0
 0  0      0 319404352 291124 177953952    0    0     0     0 1393 2442  0  0 100  0  0
 0  0      0 319404096 291124 177954048    0    0     0    12 1364 2537  0  0 100  0  0
procs -----------memory---------- ---swap-- -----io---- -system-- ------cpu-----
 r  b   swpd   free   buff  cache   si   so    bi    bo   in   cs us sy id wa st
 0  0      0 319404096 291124 177954048    0    0     0     0 1345 2390  0  0 100  0  0
 0  0      0 319404096 291124 177954080    0    0     0    20 1425 2522  0  0 100  0  0
 0  0      0 319404096 291124 177954080    0    0     0     0 1403 2412  0  0 100  0  0
 0  0      0 319404096 291124 177954080    0    0     0    16 1456 2547  0  0 100  0  0
 0  0      0 319404224 291124 177954080    0    0     0    12 1373 2481  0  0 100  0  0
 0  0      0 319404256 291124 177954112    0    0     0     0 1421 2531  0  0 100  0  0
 0  0      0 319404128 291124 177954112    0    0     0    28 1347 2413  0  0 100  0  0
 0  0      0 319404000 291124 177954144    0    0     0     0 1291 2360  0  0 100  0  0
 0  0      0 319404000 291124 177954160    0    0     0     0 1376 2459  0  0 100  0  0
 0  0      0 319404000 291124 177954160    0    0     0    12 1496 2705  0  0 100  0  0
 0  0      0 319404000 291124 177954176    0    0     0     0 1370 2389  0  0 100  0  0
 0  0      0 319404000 291124 177954176    0    0     0     0 1323 2364  0  0 100  0  0
 0  0      0 319404000 291124 177954176    0    0     0     0 1360 2394  0  0 100  0  0
 0  0      0 319404096 291124 177954176    0    0     0     0 1522 2654  0  0 100  0  0
 0  0      0 319404096 291124 177954176    0    0     0    12 1411 2556  0  0 100  0  0
 0  0      0 319404096 291124 177954176    0    0     0     0 1300 2353  0  0 100  0  0
 0  0      0 319404320 291124 177954192    0    0     0    12 1317 2346  0  0 100  0  0
 0  0      0 319404320 291124 177954192    0    0     0     0 1437 2535  0  0 100  0  0
 0  0      0 319404320 291124 177954192    0    0     0     0 1401 2466  0  0 100  0  0
 0  0      0 319404320 291124 177954192    0    0     0    12 1399 2515  0  0 100  0  0
 0  0      0 319404320 291124 177954272    0    0     0   104 1357 2412  0  0 100  0  0
procs -----------memory---------- ---swap-- -----io---- -system-- ------cpu-----
 r  b   swpd   free   buff  cache   si   so    bi    bo   in   cs us sy id wa st
 0  0      0 319404224 291124 177954304    0    0     0   428 1427 2551  0  0 100  0  0
 0  0      0 319404096 291124 177954304    0    0     0     0 1354 2391  0  0 100  0  0
 0  0      0 319404096 291124 177954304    0    0     0    20 1385 2440  0  0 100  0  0
 1  0      0 319404096 291124 177954304    0    0     0    12 1387 2546  0  0 100  0  0
 0  0      0 319404288 291124 177954336    0    0     0     0 1453 2560  0  0 100  0  0
 0  0      0 319404288 291124 177954368    0    0     0    12 1341 2397  0  0 100  0  0
 0  0      0 319404288 291124 177954368    0    0     0     0 1323 2404  0  0 100  0  0
 0  0      0 319404288 291124 177954368    0    0     0     0 1350 2455  0  0 100  0  0
 0  0      0 319404288 291124 177954368    0    0     0    12 1524 2734  0  0 100  0  0
 0  0      0 319404160 291124 177954400    0    0     0     0 1366 2412  0  0 100  0  0
 0  0      0 319404032 291124 177954400    0    0     0    20 1311 2404  0  0 100  0  0
 0  0      0 319404032 291124 177954400    0    0     0     0 1337 2400  0  0 100  0  0
 0  0      0 319404160 291124 177954432    0    0     0     0 1484 2611  0  0 100  0  0
 0  0      0 319404160 291124 177954432    0    0     0    12 1408 2531  0  0 100  0  0
 0  0      0 319404160 291124 177954464    0    0     0     0 1316 2358  0  0 100  0  0
 0  0      0 319404160 291124 177954464    0    0     0    28 1354 2409  0  0 100  0  0
 0  0      0 319404032 291124 177954464    0    0     0     0 1435 2548  0  0 100  0  0
 0  0      0 319404032 291124 177954464    0    0     0     0 1401 2499  0  0 100  0  0
 1  0      0 319404032 291124 177954464    0    0     0    12 1354 2473  0  0 100  0  0
 0  0      0 319404032 291124 177954464    0    0     0     0 1382 2373  0  0 100  0  0
 0  0      0 319404032 291124 177954464    0    0     0     0 1429 2538  0  0 100  0  0
procs -----------memory---------- ---swap-- -----io---- -system-- ------cpu-----
 r  b   swpd   free   buff  cache   si   so    bi    bo   in   cs us sy id wa st
 0  0      0 319404032 291124 177954464    0    0     0     0 1361 2430  0  0 100  0  0
 0  0      0 319404032 291124 177954464    0    0     0     0 1422 2544  0  0 100  0  0
 0  0      0 319404032 291124 177954464    0    0     0    16 1364 2493  0  0 100  0  0
 1  0      0 319403904 291128 177954560    0    0     0    36 1404 2568  0  0 100  0  0
 0  0      0 319403808 291128 177954592    0    0     0    12 1337 2384  0  0 100  0  0
 0  0      0 319403936 291128 177954592    0    0     0     0 1351 2376  0  0 100  0  0
 0  0      0 319403936 291128 177954592    0    0     0     0 1388 2502  0  0 100  0  0
 0  0      0 319403936 291128 177954592    0    0     0    12 1462 2645  0  0 100  0  0
 0  0      0 319403936 291128 177954624    0    0     0   172 1417 2442  0  0 100  0  0
 0  0      0 319403936 291128 177954624    0    0     0    12 1347 2386  0  0 100  0  0
 0  0      0 319404032 291128 177954656    0    0     0     0 1342 2376  0  0 100  0  0
 0  0      0 319403904 291128 177954672    0    0     0     0 1509 2644  0  0 100  0  0
 0  0      0 319404032 291128 177954672    0    0     0    12 1389 2515  0  0 100  0  0
 0  0      0 319404032 291128 177954672    0    0     0     0 1293 2340  0  0 100  0  0
 0  0      0 319404032 291128 177954672    0    0     0   420 1318 2364  0  0 100  0  0
 0  0      0 319404032 291128 177954672    0    0     0     0 1455 2564  0  0 100  0  0
 0  0      0 319404064 291128 177954672    0    0     0     0 1432 2498  0  0 100  0  0
 0  0      0 319404032 291128 177954720    0    0     0    16 1421 2503  0  0 100  0  0
 0  0      0 319404032 291128 177954720    0    0     0     0 1362 2381  0  0 100  0  0
 1  0      0 319403936 291128 177954752    0    0     0    20 1468 2575  0  0 100  0  0
 0  0      0 319403936 291128 177954752    0    0     0     0 1346 2370  0  0 100  0  0
procs -----------memory---------- ---swap-- -----io---- -system-- ------cpu-----
 r  b   swpd   free   buff  cache   si   so    bi    bo   in   cs us sy id wa st
 0  0      0 319403936 291128 177954752    0    0     0     0 1402 2486  0  0 100  0  0
 0  0      0 319403936 291128 177954784    0    0     0    12 1353 2494  0  0 100  0  0
 0  0      0 319403936 291128 177954800    0    0     0     0 1421 2556  0  0 100  0  0
 0  0      0 319403936 291128 177954800    0    0     0    24 1349 2399  0  0 100  0  0
 0  0      0 319404064 291128 177954816    0    0     0     0 1329 2372  0  0 100  0  0
 0  0      0 319403808 291128 177954832    0    0     0     0 1397 2508  0  0 100  0  0
 0  0      0 319403808 291128 177954848    0    0     0    12 1526 2705  0  0 100  0  0
 0  0      0 319403808 291128 177954848    0    0     0     0 1376 2396  0  0 100  0  0
 0  0      0 319403808 291128 177954848    0    0     0     0 1367 2399  0  0 100  0  0
 0  0      0 319403680 291128 177954880    0    0     0     0 1323 2388  0  0 100  0  0
 0  0      0 319403712 291128 177954880    0    0     0     0 1564 2751  0  0 100  0  0
 0  0      0 319403712 291128 177954880    0    0     0    12 1353 2456  0  0 100  0  0
 0  0      0 319403808 291128 177954896    0    0     0    20 1328 2387  0  0 100  0  0
 0  0      0 319403680 291128 177954928    0    0     0    52 1313 2370  0  0 100  0  0
 0  0      0 319403680 291128 177954928    0    0     0     0 1447 2560  0  0 100  0  0
 0  0      0 319403680 291128 177954928    0    0     0     0 1399 2492  0  0 100  0  0
 0  0      0 319403680 291128 177954944    0    0     0    12 1328 2458  0  0 100  0  0
 0  0      0 319403680 291128 177954976    0    0     0   136 1381 2391  0  0 100  0  0
 0  0      0 319403680 291128 177954976    0    0     0    12 1471 2562  0  0 100  0  0
 0  0      0 319403808 291128 177954976    0    0     0     0 1326 2374  0  0 100  0  0
 0  0      0 319403808 291128 177954976    0    0     0    16 1409 2520  0  0 100  0  0
procs -----------memory---------- ---swap-- -----io---- -system-- ------cpu-----
 r  b   swpd   free   buff  cache   si   so    bi    bo   in   cs us sy id wa st
 0  0      0 319403552 291128 177955008    0    0     0    12 1340 2460  0  0 100  0  0
 0  0      0 319398752 291128 177961792    0    0     0     0 8006 6025  0  0 100  0  0
 1  0      0 319379616 291128 177981600    0    0     0 11364 13344 9744  0  0 100  0  0
 0  0      0 319360576 291128 178002656    0    0     0     0 10450 8519  0  0 100  0  0
 1  0      0 319353184 291128 178002656    0    0     0    24 2026 2975  0  0 100  0  0
