procs -----------memory---------- ---swap-- -----io---- -system-- ------cpu-----
 r  b   swpd   free   buff  cache   si   so    bi    bo   in   cs us sy id wa st
 2  0      0 102688976 124096 18834832    0    0     1     8    1    1  0  0 100  0  0
 0  0      0 102686464 124096 18834836    0    0     0    16 1580 2483  0  0 100  0  0
 0  0      0 102686360 124096 18834840    0    0     0     0 1496 2551  0  0 100  0  0
 0  0      0 102686656 124096 18834840    0    0     0     0 1380 2464  0  0 100  0  0
 0  0      0 102686656 124096 18834840    0    0     0     0 1436 2480  0  0 100  0  0
 0  0      0 102686656 124096 18834840    0    0     0     0 1313 2520  0  0 100  0  0
 0  0      0 102686656 124096 18834840    0    0     0    16 1543 2603  0  0 100  0  0
 1  0      0 102686656 124096 18834840    0    0     0     0 1385 2480  0  0 100  0  0
 1  0      0 102686656 124108 18834828    0    0     0    36 1431 2430  0  0 100  0  0
 1  0      0 102686656 124108 18834828    0    0     0     0 1292 2460  0  0 100  0  0
 1  0      0 102686656 124108 18834828    0    0     0    24 1563 2719  0  0 100  0  0
 0  0      0 102686656 124108 18834828    0    0     0    12 1334 2487  0  0 100  0  0
 0  0      0 102686656 124108 18834828    0    0     0     0 1412 2386  0  0 100  0  0
 0  0      0 102686656 124108 18834828    0    0     0     0 1312 2408  0  0 100  0  0
 0  0      0 102686656 124108 18834828    0    0     0     0 1515 2590  0  0 100  0  0
 0  0      0 102686656 124108 18834828    0    0     0    20 1370 2579  0  0 100  0  0
 0  0      0 102686656 124108 18834828    0    0     0    12 1447 2460  0  0 100  0  0
 0  0      0 102686656 124108 18834828    0    0     0     0 1281 2408  0  0 100  0  0
 0  0      0 102686656 124108 18834828    0    0     0     0 1579 2556  0  0 100  0  0
 0  0      0 102686656 124108 18834828    0    0     0    16 1359 2524  0  0 100  0  0
 0  0      0 102686656 124108 18834828    0    0     0    12 1453 2528  0  0 100  0  0
procs -----------memory---------- ---swap-- -----io---- -system-- ------cpu-----
 r  b   swpd   free   buff  cache   si   so    bi    bo   in   cs us sy id wa st
 0  0      0 102686656 124108 18834828    0    0     0    16 1302 2452  0  0 100  0  0
 0  0      0 102686656 124108 18834828    0    0     0     0 1520 2566  0  0 100  0  0
 0  0      0 102686656 124108 18834828    0    0     0     0 1337 2440  0  0 100  0  0
 0  0      0 102686144 124108 18835140    0    0     0   692 1524 2621  0  0 100  0  0
 0  0      0 102686248 124108 18835144    0    0     0    24 1345 2531  0  0 100  0  0
 0  0      0 102686128 124108 18835168    0    0     0    12 1531 2631  0  0 100  0  0
 0  0      0 102686128 124108 18835168    0    0     0     0 1353 2415  0  0 100  0  0
 0  0      0 102686128 124108 18835168    0    0     0     0 1446 2408  0  0 100  0  0
 0  0      0 102686128 124108 18835168    0    0     0     0 1347 2460  0  0 100  0  0
 0  0      0 102686128 124108 18835168    0    0     0    24 1538 2653  0  0 100  0  0
 0  0      0 102686128 124108 18835168    0    0     0    16 1334 2487  0  0 100  0  0
 1  0      0 102686128 124108 18835168    0    0     0     0 1387 2356  0  0 100  0  0
 0  0      0 102686128 124108 18835168    0    0     0     0 1314 2372  0  0 100  0  0
 0  0      0 102686256 124108 18835172    0    0     0     0 1553 2645  0  0 100  0  0
 0  0      0 102686256 124108 18835172    0    0     0   396 1367 2557  0  0 100  0  0
 0  0      0 102686256 124108 18835172    0    0     0    20 1448 2446  0  0 100  0  0
 0  0      0 102686328 124108 18835288    0    0     0     0 1357 2510  0  0 100  0  0
 0  0      0 102686296 124108 18835292    0    0     0    20 1523 2571  0  0 100  0  0
 1  0      0 102686296 124108 18835308    0    0     0     0 1363 2512  0  0 100  0  0
 1  0      0 102686320 124120 18835296    0    0     0    64 1437 2563  0  0 100  0  0
 1  0      0 102686320 124120 18835296    0    0     0    16 1289 2433  0  0 100  0  0
procs -----------memory---------- ---swap-- -----io---- -system-- ------cpu-----
 r  b   swpd   free   buff  cache   si   so    bi    bo   in   cs us sy id wa st
 0  0      0 102686320 124120 18835296    0    0     0     0 1495 2530  0  0 100  0  0
 0  0      0 102686320 124120 18835296    0    0     0     0 1347 2471  0  0 100  0  0
 0  0      0 102686320 124120 18835296    0    0     0     0 1427 2462  0  0 100  0  0
 0  0      0 102686320 124120 18835296    0    0     0    24 1361 2544  0  0 100  0  0
 0  0      0 102686320 124120 18835296    0    0     0    16 1512 2636  0  0 100  0  0
 0  0      0 102686320 124120 18835296    0    0     0     0 1342 2433  0  0 100  0  0
 0  0      0 102686320 124120 18835296    0    0     0     0 1450 2440  0  0 100  0  0
 0  0      0 102686320 124120 18835296    0    0     0     0 1292 2440  0  0 100  0  0
 0  0      0 102686320 124120 18835296    0    0     0    12 1506 2660  0  0 100  0  0
 0  0      0 102686320 124120 18835296    0    0     0    16 1330 2464  0  0 100  0  0
 0  0      0 102686320 124120 18835296    0    0     0     0 1405 2418  0  0 100  0  0
 0  0      0 102686320 124120 18835296    0    0     0     0 1349 2461  0  0 100  0  0
 0  0      0 102686240 124120 18835480    0    0     0   204 1580 2705  0  0 100  0  0
 0  0      0 102686240 124120 18835500    0    0     0    24 1371 2606  0  0 100  0  0
 0  0      0 102686240 124120 18835500    0    0     0    12 1392 2440  0  0 100  0  0
 0  0      0 102686240 124120 18835500    0    0     0     0 1326 2409  0  0 100  0  0
 0  0      0 102686336 124120 18835500    0    0     0     0 1539 2600  0  0 100  0  0
 0  0      0 102686336 124120 18835500    0    0     0     0 1287 2442  0  0 100  0  0
 0  0      0 102686336 124120 18835500    0    0     0     0 1451 2534  0  0 100  0  0
 0  0      0 102686336 124120 18835500    0    0     0    12 1281 2460  0  0 100  0  0
 0  0      0 102686336 124120 18835500    0    0     0     0 1481 2566  0  0 100  0  0
procs -----------memory---------- ---swap-- -----io---- -system-- ------cpu-----
 r  b   swpd   free   buff  cache   si   so    bi    bo   in   cs us sy id wa st
 0  0      0 102686336 124120 18835500    0    0     0     0 1327 2442  0  0 100  0  0
 0  0      0 102686336 124120 18835500    0    0     0     0 1439 2446  0  0 100  0  0
 0  0      0 102686336 124120 18835500    0    0     0     0 1338 2518  0  0 100  0  0
 0  0      0 102686336 124120 18835500    0    0     0    12 1555 2615  0  0 100  0  0
 0  0      0 102686336 124120 18835500    0    0     0     0 1314 2427  0  0 100  0  0
 0  0      0 102686336 124120 18835500    0    0     0     0 1439 2408  0  0 100  0  0
 0  0      0 102686336 124120 18835500    0    0     0     0 1300 2430  0  0 100  0  0
 0  0      0 102686336 124120 18835500    0    0     0   460 1578 2701  0  0 100  0  0
 0  0      0 102686336 124120 18835500    0    0     0    16 1300 2460  0  0 100  0  0
 0  0      0 102686336 124120 18835500    0    0     0     0 1381 2400  0  0 100  0  0
 0  0      0 102686336 124120 18835500    0    0     0     0 1300 2428  0  0 100  0  0
 0  0      0 102686336 124120 18835500    0    0     0     0 1518 2594  0  0 100  0  0
 0  0      0 102686336 124120 18835500    0    0     0    20 1359 2549  0  0 100  0  0
 0  0      0 102686336 124120 18835500    0    0     0    16 1462 2468  0  0 100  0  0
 0  0      0 102685096 124120 18835972    0    0     0     0 1412 2533  0  0 100  0  0
 0  0      0 102685208 124120 18835876    0    0     0     0 1546 2577  0  0 100  0  0
 0  0      0 102685552 124120 18835896    0    0     0    20 1346 2503  0  0 100  0  0
 1  0      0 102685584 124120 18835896    0    0     0    16 1430 2498  0  0 100  0  0
 0  0      0 102685584 124120 18835896    0    0     0    12 1339 2444  0  0 100  0  0
 0  0      0 102685856 124120 18835932    0    0     0     0 1509 2598  0  0 100  0  0
 0  0      0 102685856 124128 18835924    0    0     0    12 1320 2438  0  0 100  0  0
procs -----------memory---------- ---swap-- -----io---- -system-- ------cpu-----
 r  b   swpd   free   buff  cache   si   so    bi    bo   in   cs us sy id wa st
 0  0      0 102685736 124128 18835956    0    0     0   120 1399 2440  0  0 100  0  0
 0  0      0 102685736 124128 18835956    0    0     0    24 1345 2530  0  0 100  0  0
 0  0      0 102685856 124128 18835972    0    0     0    12 1514 2597  0  0 100  0  0
 0  0      0 102685880 124128 18835980    0    0     0    12 1429 2532  0  0 100  0  0
 0  0      0 102686000 124128 18835980    0    0     0     0 1444 2450  0  0 100  0  0
 0  0      0 102686128 124128 18835980    0    0     0     0 1266 2422  0  0 100  0  0
 0  0      0 102686000 124128 18836016    0    0     0     0 1558 2693  0  0 100  0  0
 0  0      0 102685880 124128 18836032    0    0     0    12 1303 2458  0  0 100  0  0
 0  0      0 102685880 124128 18836036    0    0     0     0 1400 2402  0  0 100  0  0
 0  0      0 102685880 124128 18836036    0    0     0     0 1319 2444  0  0 100  0  0
 0  0      0 102685880 124128 18836036    0    0     0     0 1542 2640  0  0 100  0  0
 0  0      0 102685880 124128 18836036    0    0     0     0 1344 2510  0  0 100  0  0
 1  0      0 102685880 124128 18836036    0    0     0    12 1443 2471  0  0 100  0  0
 1  0      0 102686112 124128 18836096    0    0     0     0 1361 2457  0  0 100  0  0
 0  0      0 102685984 124128 18836112    0    0     0     0 1569 2602  0  0 100  0  0
 0  0      0 102685984 124128 18836112    0    0     0     0 1302 2448  0  0 100  0  0
 0  0      0 102685984 124128 18836112    0    0     0    24 1445 2544  0  0 100  0  0
 0  0      0 102686048 124128 18836112    0    0     0    16 1373 2464  0  0 100  0  0
 0  0      0 102686048 124128 18836112    0    0     0     0 1506 2566  0  0 100  0  0
 0  0      0 102686048 124128 18836112    0    0     0     0 1397 2472  0  0 100  0  0
 0  0      0 102686048 124128 18836112    0    0     0     0 1393 2436  0  0 100  0  0
procs -----------memory---------- ---swap-- -----io---- -system-- ------cpu-----
 r  b   swpd   free   buff  cache   si   so    bi    bo   in   cs us sy id wa st
 0  0      0 102686048 124128 18836112    0    0     0   436 1342 2517  0  0 100  0  0
 0  0      0 102686048 124128 18836112    0    0     0    16 1574 2645  0  0 100  0  0
 0  0      0 102686048 124128 18836112    0    0     0     0 1318 2418  0  0 100  0  0
 0  0      0 102686048 124128 18836112    0    0     0     0 1459 2431  0  0 100  0  0
 0  0      0 102686048 124128 18836112    0    0     0     0 1315 2493  0  0 100  0  0
 0  0      0 102686048 124128 18836112    0    0     0    12 1540 2668  0  0 100  0  0
 0  0      0 102686048 124128 18836112    0    0     0    16 1317 2450  0  0 100  0  0
 0  0      0 102686048 124128 18836112    0    0     0     0 1383 2402  0  0 100  0  0
 0  0      0 102686048 124128 18836112    0    0     0     0 1367 2436  0  0 100  0  0
 0  0      0 102686064 124128 18836284    0    0     0   116 1552 2691  0  0 100  0  0
 0  0      0 102686064 124128 18836288    0    0     0    24 1305 2529  0  0 100  0  0
 0  0      0 102685832 124128 18836320    0    0     0    12 1495 2462  0  0 100  0  0
 0  0      0 102685832 124128 18836320    0    0     0     0 1297 2400  0  0 100  0  0
 0  0      0 102685928 124128 18836320    0    0     0     4 1567 2615  0  0 100  0  0
 0  0      0 102685928 124128 18836320    0    0     0     0 1284 2428  0  0 100  0  0
 0  0      0 102686088 124128 18836348    0    0     0     0 1442 2543  0  0 100  0  0
 0  0      0 102686088 124128 18836372    0    0     0    12 1324 2455  0  0 100  0  0
 0  0      0 102686088 124128 18836372    0    0     0     0 1512 2545  0  0 100  0  0
 0  0      0 102686088 124128 18836372    0    0     0     0 1322 2401  0  0 100  0  0
 0  0      0 102686088 124128 18836372    0    0     0     0 1454 2479  0  0 100  0  0
 0  0      0 102686088 124128 18836372    0    0     0     0 1288 2498  0  0 100  0  0
procs -----------memory---------- ---swap-- -----io---- -system-- ------cpu-----
 r  b   swpd   free   buff  cache   si   so    bi    bo   in   cs us sy id wa st
 0  0      0 102686088 124128 18836372    0    0     0    12 1549 2648  0  0 100  0  0
 0  0      0 102686088 124128 18836372    0    0     0     0 1329 2410  0  0 100  0  0
 0  0      0 102686088 124140 18836360    0    0     0    36 1463 2424  0  0 100  0  0
 0  0      0 102686088 124140 18836360    0    0     0     0 1277 2444  0  0 100  0  0
 0  0      0 102686088 124140 18836360    0    0     0    24 1625 2712  0  0 100  0  0
 0  0      0 102686088 124140 18836360    0    0     0    16 1326 2444  0  0 100  0  0
 0  0      0 102686088 124140 18836360    0    0     0     0 1399 2374  0  0 100  0  0
 0  0      0 102686088 124140 18836360    0    0     0     0 1328 2459  0  0 100  0  0
 0  0      0 102686088 124140 18836360    0    0     0     0 1538 2660  0  0 100  0  0
 0  0      0 102686088 124140 18836360    0    0     0    20 1363 2524  0  0 100  0  0
 0  0      0 102686088 124140 18836360    0    0     0    16 1447 2502  0  0 100  0  0
 0  0      0 102686088 124140 18836360    0    0     0     0 1326 2418  0  0 100  0  0
 0  0      0 102686088 124140 18836360    0    0     0     0 1548 2607  0  0 100  0  0
 0  0      0 102686088 124140 18836360    0    0     0    20 1311 2500  0  0 100  0  0
 0  0      0 102686088 124140 18836360    0    0     0   424 1436 2512  0  0 100  0  0
 0  0      0 102686088 124140 18836360    0    0     0    12 1294 2452  0  0 100  0  0
 0  0      0 102686088 124140 18836360    0    0     0     0 1561 2632  0  0 100  0  0
 0  0      0 102686088 124140 18836360    0    0     0     0 1376 2459  0  0 100  0  0
 0  0      0 102686016 124140 18836636    0    0     0   192 1417 2529  0  0 100  0  0
 0  0      0 102686016 124140 18836636    0    0     0    24 1350 2534  0  0 100  0  0
 0  0      0 102685888 124140 18836660    0    0     0    12 1546 2668  0  0 100  0  0
procs -----------memory---------- ---swap-- -----io---- -system-- ------cpu-----
 r  b   swpd   free   buff  cache   si   so    bi    bo   in   cs us sy id wa st
 0  0      0 102685888 124140 18836660    0    0     0     0 1312 2443  0  0 100  0  0
 0  0      0 102685888 124140 18836660    0    0     0     0 1477 2455  0  0 100  0  0
 0  0      0 102685888 124140 18836660    0    0     0     0 1312 2473  0  0 100  0  0
 0  0      0 102685888 124140 18836692    0    0     0     0 1527 2680  0  0 100  0  0
 0  0      0 102686016 124140 18836712    0    0     0    12 1336 2473  0  0 100  0  0
 0  0      0 102686016 124140 18836712    0    0     0     0 1389 2378  0  0 100  0  0
 0  0      0 102685920 124140 18836716    0    0     0     0 1344 2420  0  0 100  0  0
 0  0      0 102685920 124140 18836716    0    0     0     0 1554 2637  0  0 100  0  0
 0  0      0 102685920 124140 18836716    0    0     0     0 1331 2512  0  0 100  0  0
 0  0      0 102685920 124140 18836716    0    0     0    16 1451 2475  0  0 100  0  0
 0  0      0 102686000 124140 18836768    0    0     0     0 1382 2514  0  0 100  0  0
 0  0      0 102685872 124140 18836788    0    0     0    20 1572 2631  0  0 100  0  0
 0  0      0 102685872 124140 18836788    0    0     0     0 1297 2430  0  0 100  0  0
 0  0      0 102685976 124152 18836776    0    0     0    64 1469 2549  0  0 100  0  0
 0  0      0 102685976 124152 18836776    0    0     0    16 1313 2446  0  0 100  0  0
 0  0      0 102685976 124152 18836776    0    0     0     0 1528 2566  0  0 100  0  0
 0  0      0 102685976 124152 18836776    0    0     0     0 1325 2446  0  0 100  0  0
 0  0      0 102685976 124152 18836776    0    0     0     0 1406 2418  0  0 100  0  0
 0  0      0 102685976 124152 18836776    0    0     0    20 1351 2536  0  0 100  0  0
 0  0      0 102685976 124152 18836776    0    0     0    16 1562 2664  0  0 100  0  0
 0  0      0 102685976 124152 18836776    0    0     0     0 1332 2401  0  0 100  0  0
procs -----------memory---------- ---swap-- -----io---- -system-- ------cpu-----
 r  b   swpd   free   buff  cache   si   so    bi    bo   in   cs us sy id wa st
 0  0      0 102685976 124152 18836776    0    0     0     0 1422 2414  0  0 100  0  0
 0  0      0 102678856 124152 18844664    0    0     0     0 8967 6941  0  0 100  0  0
 1  0      0 102657664 124152 18866504    0    0     0 11356 15034 12157  0  0 100  0  0
 0  0      0 102638880 124152 18884172    0    0     0    16 12248 8949  0  0 100  0  0
