1 0.00 0.01 0.09 0.25 2.51 13.60 96.64 0.00 5.93 0.64 7.80 0.13 0.00
2 0.00 0.00 0.00 0.00 0.00 0.00 0.00 0.00 0.00 0.00 0.00 0.00 0.00
3 0.00 0.00 0.00 0.00 0.00 0.00 0.00 0.00 0.00 0.00 0.00 0.00 0.00
4 0.00 0.00 0.00 4.00 0.00 24.00 12.00 0.00 0.00 0.00 0.00 0.00 0.00
5 0.00 0.00 0.00 0.00 0.00 0.00 0.00 0.00 0.00 0.00 0.00 0.00 0.00
6 0.00 0.00 0.00 0.00 0.00 0.00 0.00 0.00 0.00 0.00 0.00 0.00 0.00
7 0.00 0.00 0.00 0.00 0.00 0.00 0.00 0.00 0.00 0.00 0.00 0.00 0.00
8 0.00 0.00 0.00 0.00 0.00 0.00 0.00 0.00 0.00 0.00 0.00 0.00 0.00
9 0.00 0.00 0.00 0.00 0.00 0.00 0.00 0.00 0.00 0.00 0.00 0.00 0.00
10 0.00 0.00 0.00 0.00 0.00 0.00 0.00 0.00 0.00 0.00 0.00 0.00 0.00
11 0.00 0.00 0.00 0.00 0.00 0.00 0.00 0.00 0.00 0.00 0.00 0.00 0.00
12 0.00 0.00 0.00 0.00 0.00 0.00 0.00 0.00 0.00 0.00 0.00 0.00 0.00
13 0.00 0.00 0.00 0.00 0.00 0.00 0.00 0.00 0.00 0.00 0.00 0.00 0.00
14 0.00 0.00 0.00 40.00 0.00 11548.00 577.40 1.31 5.67 0.00 5.67 0.57 2.30
15 0.00 0.00 0.00 186.00 0.00 95232.00 1024.00 16.61 95.09 0.00 95.09 1.02 18.90
16 0.00 0.00 2.00 0.00 20.00 0.00 20.00 0.00 0.00 0.00 0.00 0.00 0.00
17 0.00 0.00 44.00 0.00 6788.00 0.00 308.55 0.17 3.91 3.91 0.00 0.50 2.20
18 0.00 0.00 87.00 0.00 20796.00 0.00 478.07 0.20 2.36 2.36 0.00 0.62 5.40
19 0.00 0.00 3.00 0.00 88.00 0.00 58.67 0.00 1.00 1.00 0.00 0.33 0.10
20 0.00 4.00 26.00 127.00 332.00 47344.00 623.22 3.92 25.61 0.38 30.78 0.63 9.60
21 0.00 0.00 0.00 0.00 0.00 0.00 0.00 0.00 0.00 0.00 0.00 0.00 0.00
22 0.00 0.00 1.00 14.00 32.00 180.00 28.27 0.00 0.27 1.00 0.21 0.13 0.20
23 0.00 0.00 4.00 0.00 92.00 0.00 46.00 0.00 1.00 1.00 0.00 0.25 0.10
24 0.00 0.00 1.00 28.00 4.00 376.00 26.21 0.00 0.10 1.00 0.07 0.07 0.20
25 0.00 0.00 0.00 24.00 0.00 328.00 27.33 0.01 0.21 0.00 0.21 0.12 0.30
26 0.00 0.00 2.00 4.00 8.00 60.00 22.67 0.00 0.17 0.50 0.00 0.17 0.10
27 0.00 0.00 0.00 0.00 0.00 0.00 0.00 0.00 0.00 0.00 0.00 0.00 0.00
28 0.00 0.00 1.00 4.00 16.00 52.00 27.20 0.00 0.00 0.00 0.00 0.00 0.00
29 0.00 0.00 1.00 88.00 4.00 1084.00 24.45 0.01 0.17 0.00 0.17 0.10 0.90
30 0.00 0.00 0.00 8.00 0.00 100.00 25.00 0.00 0.00 0.00 0.00 0.00 0.00
31 0.00 0.00 1.00 2.00 4.00 20.00 16.00 0.00 0.00 0.00 0.00 0.00 0.00
32 0.00 0.00 0.00 4.00 0.00 36.00 18.00 0.00 0.00 0.00 0.00 0.00 0.00
33 0.00 0.00 0.00 0.00 0.00 0.00 0.00 0.00 0.00 0.00 0.00 0.00 0.00
34 0.00 0.00 0.00 0.00 0.00 0.00 0.00 0.00 0.00 0.00 0.00 0.00 0.00
