1 0.00 0.02 0.09 0.27 2.50 14.19 93.92 0.00 5.85 0.56 7.55 0.12 0.00
2 0.00 0.00 0.00 0.00 0.00 0.00 0.00 0.00 0.00 0.00 0.00 0.00 0.00
3 0.00 0.00 0.00 0.00 0.00 0.00 0.00 0.00 0.00 0.00 0.00 0.00 0.00
4 0.00 0.00 0.00 0.00 0.00 0.00 0.00 0.00 0.00 0.00 0.00 0.00 0.00
5 0.00 0.00 0.00 0.00 0.00 0.00 0.00 0.00 0.00 0.00 0.00 0.00 0.00
6 0.00 0.00 0.00 0.00 0.00 0.00 0.00 0.00 0.00 0.00 0.00 0.00 0.00
7 0.00 0.00 0.00 4.00 0.00 32.00 16.00 0.00 0.00 0.00 0.00 0.00 0.00
8 0.00 0.00 0.00 0.00 0.00 0.00 0.00 0.00 0.00 0.00 0.00 0.00 0.00
9 0.00 0.00 0.00 0.00 0.00 0.00 0.00 0.00 0.00 0.00 0.00 0.00 0.00
10 0.00 0.00 0.00 0.00 0.00 0.00 0.00 0.00 0.00 0.00 0.00 0.00 0.00
11 0.00 0.00 0.00 0.00 0.00 0.00 0.00 0.00 0.00 0.00 0.00 0.00 0.00
12 0.00 0.00 0.00 0.00 0.00 0.00 0.00 0.00 0.00 0.00 0.00 0.00 0.00
13 0.00 0.00 0.00 0.00 0.00 0.00 0.00 0.00 0.00 0.00 0.00 0.00 0.00
14 0.00 0.00 0.00 0.00 0.00 0.00 0.00 0.00 0.00 0.00 0.00 0.00 0.00
15 0.00 3.00 0.00 22.00 0.00 260.00 23.64 0.00 0.14 0.00 0.14 0.05 0.10
16 0.00 0.00 13.00 0.00 220.00 0.00 33.85 0.00 0.31 0.31 0.00 0.31 0.40
17 0.00 0.00 43.00 87.00 7912.00 36180.00 678.34 9.27 18.55 2.88 26.30 0.75 9.80
18 0.00 2.00 94.00 149.00 26188.00 72968.00 816.10 12.14 78.18 7.16 122.98 0.84 20.50
19 0.00 0.00 3.00 0.00 88.00 0.00 58.67 0.00 1.00 1.00 0.00 0.33 0.10
20 0.00 0.00 26.00 0.00 332.00 0.00 25.54 0.01 0.27 0.27 0.00 0.08 0.20
21 0.00 0.00 0.00 0.00 0.00 0.00 0.00 0.00 0.00 0.00 0.00 0.00 0.00
22 0.00 0.00 2.00 28.00 36.00 416.00 30.13 0.01 0.17 0.00 0.18 0.07 0.20
23 0.00 0.00 4.00 106.00 92.00 46916.00 854.69 3.76 34.17 0.00 35.46 0.84 9.20
24 0.00 0.00 0.00 14.00 0.00 196.00 28.00 0.00 0.07 0.00 0.07 0.07 0.10
25 0.00 0.00 0.00 0.00 0.00 0.00 0.00 0.00 0.00 0.00 0.00 0.00 0.00
26 0.00 0.00 2.00 0.00 8.00 0.00 8.00 0.00 0.00 0.00 0.00 0.00 0.00
27 0.00 0.00 0.00 0.00 0.00 0.00 0.00 0.00 0.00 0.00 0.00 0.00 0.00
28 0.00 0.00 1.00 0.00 16.00 0.00 32.00 0.00 1.00 1.00 0.00 1.00 0.10
29 0.00 0.00 0.00 54.00 0.00 696.00 25.78 0.01 0.17 0.00 0.17 0.09 0.50
30 0.00 0.00 1.00 0.00 4.00 0.00 8.00 0.00 1.00 1.00 0.00 1.00 0.10
31 0.00 0.00 1.00 0.00 4.00 0.00 8.00 0.00 0.00 0.00 0.00 0.00 0.00
32 0.00 0.00 0.00 6.00 0.00 72.00 24.00 0.00 0.17 0.00 0.17 0.17 0.10
33 0.00 0.00 0.00 0.00 0.00 0.00 0.00 0.00 0.00 0.00 0.00 0.00 0.00
34 0.00 0.00 0.00 11.00 0.00 148.00 26.91 0.00 0.36 0.00 0.36 0.09 0.10
