0 0.01 0.00 0.01 0.00 0.00 0.00 0.00 0.00 0 0.00
1 0.00 0.00 0.00 0.00 0.00 0.00 0.00 0.00 0 0.00
2 0.01 0.00 0.00 0.00 0.00 0.00 0.00 0.00 0 0.00
3 0.04 0.00 0.03 0.00 0.00 0.00 0.00 0.00 0 0.00
4 0.04 0.00 0.05 0.00 0.00 0.00 0.00 0.00 0 0.00
5 0.02 0.00 0.01 0.00 0.00 0.00 0.00 0.00 0 0.00
6 0.00 0.00 0.01 0.00 0.00 0.00 0.00 0.00 0 0.00
7 0.96 0.00 0.18 0.00 0.00 0.00 0.00 0.00 0 0.00
8 3.33 0.00 0.22 0.00 0.00 0.00 0.00 0.00 0 0.00
9 3.59 0.00 0.35 0.00 0.00 0.00 0.00 0.00 0 0.00
10 2.01 0.00 0.16 0.00 0.00 0.00 0.00 0.00 0 0.00
11 2.33 0.00 0.24 0.00 0.00 0.01 0.00 0.00 0 0.00
12 2.32 0.00 0.42 0.02 0.00 0.00 0.00 0.00 0 0.00
13 6.77 0.00 0.75 0.00 0.00 0.00 0.00 0.00 0 0.00
14 2.72 0.00 0.11 0.00 0.00 0.00 0.00 0.00 0 0.00
15 5.99 0.00 0.31 0.06 0.00 0.00 0.00 0.00 0 0.00
16 7.36 0.00 0.70 0.06 0.00 0.01 0.00 0.00 0 0.00
17 8.81 0.00 0.21 0.00 0.00 0.01 0.00 0.00 0 0.00
18 7.95 0.00 0.58 0.01 0.00 0.01 0.00 0.00 0 0.00
19 7.88 0.00 0.16 0.00 0.00 0.00 0.00 0.00 0 0.00
20 5.84 0.00 0.51 0.00 0.00 0.01 0.00 0.00 0 0.00
21 8.49 0.00 4.13 0.00 0.00 0.00 0.00 0.00 0 0.00
22 5.69 0.00 10.79 0.00 0.00 0.00 0.00 0.00 0 0.00
23 5.43 0.00 4.56 0.00 0.00 0.00 0.00 0.00 0 0.00
24 5.05 0.00 5.69 0.00 0.00 0.02 0.00 0.00 0 0.00
25 7.49 0.00 0.91 0.03 0.00 0.02 0.00 0.00 0 0.00
26 7.82 0.00 0.76 0.09 0.00 0.01 0.00 0.00 0 0.00
27 7.17 0.00 4.90 0.42 0.00 0.01 0.00 0.00 0 0.00
28 9.83 0.00 13.31 0.03 0.00 0.00 0.00 0.00 0 0.00
29 3.01 0.00 0.16 0.00 0.00 0.00 0.00 0.00 0 0.00
30 8.38 0.00 23.11 0.18 0.00 0.07 0.00 0.00 0 0.00
31 4.54 0.00 7.16 0.00 0.00 0.03 0.00 0.00 0 0.00
