0 0.00 0.00 0.01 0.00 0.00 0.00 0.00 0.00 0 0.00
1 0.01 0.00 0.00 0.00 0.00 0.00 0.00 0.00 0 0.00
2 0.01 0.00 0.02 0.00 0.00 0.00 0.00 0.00 0 0.00
3 0.04 0.00 0.03 0.00 0.00 0.00 0.00 0.00 0 0.00
4 0.04 0.00 0.03 0.00 0.00 0.00 0.00 0.00 0 0.00
5 0.00 0.00 0.01 0.00 0.00 0.00 0.00 0.00 0 0.00
6 0.01 0.00 0.00 0.00 0.00 0.00 0.00 0.00 0 0.00
7 0.91 0.00 0.19 0.00 0.00 0.01 0.00 0.00 0 0.00
8 3.55 0.00 0.22 0.00 0.00 0.00 0.00 0.00 0 0.00
9 3.39 0.00 0.30 0.00 0.00 0.01 0.00 0.00 0 0.00
10 1.37 0.00 0.10 0.00 0.00 0.00 0.00 0.00 0 0.00
11 2.46 0.00 0.26 0.00 0.00 0.01 0.00 0.00 0 0.00
12 1.84 0.00 0.25 0.00 0.00 0.00 0.00 0.00 0 0.00
13 7.03 0.00 0.66 0.00 0.00 0.00 0.00 0.00 0 0.00
14 2.87 0.00 0.20 0.00 0.00 0.00 0.00 0.00 0 0.00
15 7.26 0.00 0.38 0.09 0.00 0.01 0.00 0.00 0 0.00
16 6.39 0.00 0.42 0.15 0.00 0.00 0.00 0.00 0 0.00
17 8.63 0.00 0.20 0.00 0.00 0.02 0.00 0.00 0 0.00
18 8.27 0.00 0.54 0.00 0.00 0.01 0.00 0.00 0 0.00
19 8.44 0.00 0.25 0.00 0.00 0.00 0.00 0.00 0 0.00
20 5.46 0.00 1.19 0.00 0.00 0.01 0.00 0.00 0 0.00
21 6.71 0.00 0.09 0.00 0.00 0.03 0.00 0.00 0 0.00
22 4.59 0.00 4.22 0.05 0.00 0.01 0.00 0.00 0 0.00
23 0.08 0.00 0.03 0.00 0.00 0.00 0.00 0.00 0 0.00
24 4.34 0.00 1.67 0.01 0.00 0.03 0.00 0.00 0 0.00
25 7.99 0.00 10.07 0.00 0.00 0.01 0.00 0.00 0 0.00
26 6.31 0.00 1.69 0.06 0.00 0.00 0.00 0.00 0 0.00
27 5.71 0.00 0.91 0.02 0.00 0.02 0.00 0.00 0 0.00
28 6.52 0.00 6.35 0.05 0.00 0.01 0.00 0.00 0 0.00
29 7.32 0.00 8.47 0.09 0.00 0.01 0.00 0.00 0 0.00
30 5.72 0.00 9.66 0.00 0.00 0.08 0.00 0.00 0 0.00
31 2.17 0.00 0.74 0.00 0.00 0.03 0.00 0.00 0 0.00
