0 0.58 0.00 0.00
1 0.13 1.27 0.00
2 1.26 0.52 0.00
3 3.58 2.88 0.00
4 2.70 6.69 0.00
5 1.55 0.52 0.00
6 0.00 0.00 0.00
7 2.48 1.69 0.00
8 0.68 0.52 0.00
9 3.33 6.78 0.00
10 37.50 13.05 0.00
11 47080.75 480.35 0.00
12 33033.66 267.31 0.00
13 26.40 2.21 0.00
14 1.01 7.51 0.00
15 40.92 20.66 0.00
16 197.86 98.49 0.00
17 10978.00 6046.45 0.00
18 2245.30 2910.97 0.00
19 631.50 2080.27 0.00
20 5257.42 6847.54 0.00
21 925.03 1474.87 0.00
22 3578.56 1991.78 0.00
23 2708.49 109.45 0.00
24 4390.25 5354.76 0.00
25 11262.31 19819.19 0.00
26 8961.73 13353.64 0.00
27 13515.46 9861.77 0.00
28 12843.79 21007.42 0.00
29 1424.92 4938.87 0.00
30 18779.65 17824.60 0.00
31 10926.96 16213.06 0.00
