0 0.58 0.00 0.00
1 0.13 1.27 0.00
2 2.26 1.80 0.00
3 3.58 3.44 0.00
4 2.70 6.20 0.00
5 0.68 0.52 0.00
6 0.00 0.00 0.00
7 2.41 1.69 0.00
8 0.68 0.52 0.00
9 3.27 6.91 0.00
10 37.52 13.16 0.00
11 62551.46 486.76 0.00
12 17559.99 156.52 0.00
13 26.37 1.96 0.00
14 0.76 6.38 0.00
15 43.88 21.41 0.00
16 195.28 97.92 0.00
17 5877.59 10855.23 0.00
18 3123.33 2218.92 0.00
19 1973.95 538.20 0.00
20 7105.59 5235.97 0.00
21 1494.80 926.80 0.00
22 2006.70 3532.44 0.00
23 44.19 2623.11 0.00
24 5374.63 4364.30 0.00
25 19878.13 11248.30 0.00
26 13405.03 8923.56 0.00
27 9880.73 13372.52 0.00
28 21061.95 12798.85 0.00
29 5016.59 1405.50 0.00
30 17814.20 18519.65 0.00
31 16158.84 11096.33 0.00
