procs -----------memory---------- ---swap-- -----io---- -system-- ------cpu-----
 r  b   swpd   free   buff  cache   si   so    bi    bo   in   cs us sy id wa st
 2  0      0 474953152   2132 19570464    0    0     0     1    1    1  0  1 99  0  0
 1  0      0 474948416   2132 19570284    0    0     0     0 58605 123282  1  1 99  0  0
 3  0      0 474946944   2132 19570328    0    0     0     8 61170 137806  1  1 98  0  0
 2  0      0 474939968   2132 19570364    0    0     0     0 71396 159828  2  2 97  0  0
 4  0      0 474935488   2132 19570340    0    0     0   104 77856 152416  2  1 97  0  0
 4  0      0 474905888   2132 19576384    0    0     0   376 154401 233429  6  2 92  0  0
 3  0      0 474890112   2132 19587616    0    0     0     0 152099 285494  5  2 94  0  0
 4  0      0 474887968   2132 19591800    0    0     0     8 86561 180670  2  1 98  0  0
 3  0      0 474874720   2132 19601204    0    0     0     0 150147 292933  4  2 94  0  0
 1  0      0 474875456   2132 19602932    0    0     0   180 90923 194575  2  1 97  0  0
 5  0      0 474872576   2132 19604372    0    0     0     0 96811 225594  3  1 96  0  0
 2  0      0 474869088   2132 19605220    0    0     0     8 85262 207235  3  1 96  0  0
 7  0      0 474867584   2132 19605484    0    0     0     0 96320 253668  3  1 95  0  0
12  0      0 474862496   2132 19606184    0    0     0     8 66891 161481  1  1 97  0  0
 1  0      0 474865920   2132 19606168    0    0     0    24 59208 126489  1  1 98  0  0
 1  0      0 474867328   2132 19606160    0    0     0     0 58142 124608  1  1 99  0  0
 1  0      0 474867360   2132 19606328    0    0     0     8 61715 134251  1  1 99  0  0
 2  0      0 474868416   2132 19606296    0    0     0     0 57410 124889  0  0 99  0  0
 1  0      0 474869824   2132 19606292    0    0     0     8 58223 125844  1  0 99  0  0
 1  0      0 474870464   2132 19606516    0    0     0    40 56767 125802  1  0 99  0  0
 4  0      0 474874368   2132 19606524    0    0     0     8 60099 124886  1  1 98  0  0
procs -----------memory---------- ---swap-- -----io---- -system-- ------cpu-----
 r  b   swpd   free   buff  cache   si   so    bi    bo   in   cs us sy id wa st
 1  0      0 474876224   2132 19606420    0    0     0    16 58082 127360  0  0 99  0  0
 1  0      0 474876064   2132 19606516    0    0     0     8 61498 128920  1  1 98  0  0
 0  0      0 474878048   2132 19606508    0    0     0     0 56656 125389  1  0 99  0  0
 1  0      0 474878784   2132 19606600    0    0     0    80 62292 130295  1  2 97  0  0
 1  0      0 474879648   2132 19606748    0    0     0    12 58417 124175  0  0 99  0  0
 5  0      0 474879040   2132 19606860    0    0     0     0 58352 129912  0  0 99  0  0
 2  0      0 474883040   2132 19606888    0    0     0     8 57384 126369  0  0 99  0  0
 2  0      0 474878240   2132 19606768    0    0     0     0 58431 125089  1  1 98  0  0
