procs -----------memory---------- ---swap-- -----io---- -system-- ------cpu-----
 r  b   swpd   free   buff  cache   si   so    bi    bo   in   cs us sy id wa st
 2  0      0 475050080   2132 19820324    0    0     0     1    1    1  0  0 99  0  0
 4  0      0 475048032   2132 19820268    0    0     0     0 54012 119449  0  0 100  0  0
 3  0      0 475043584   2132 19820320    0    0     0    40 59817 136184  1  1 99  0  0
34  0      0 475039840   2132 19820244    0    0     0     0 66495 156170  2  1 98  0  0
 0  0      0 475034112   2132 19820216    0    0     0     0 72678 151898  2  1 97  0  0
17  0      0 475006304   2132 19826856    0    0     0     8 128790 228819  5  1 93  0  0
 5  0      0 474982368   2132 19838436    0    0     0     0 154376 280878  4  2 93  0  0
 4  0      0 474984160   2132 19844076    0    0     0    20 93575 190039  2  1 97  0  0
 1  0      0 474973664   2132 19853200    0    0     0     0 142973 294143  4  2 94  0  0
 1  0      0 474971552   2132 19854436    0    0     0     8 88330 213921  3  1 96  0  0
 9  0      0 474968800   2132 19856556    0    0     0     0 94679 226795  3  1 96  0  0
 3  0      0 474962272   2132 19856812    0    0     0     8 68648 182101  2  1 97  0  0
 7  0      0 474962944   2132 19856924    0    0     0    64 104709 293061  4  2 94  0  0
 8  0      0 474968160   2132 19856668    0    0     0   388 65557 170753  1  1 98  0  0
 0  0      0 474970176   2132 19855928    0    0     0     8 55479 121797  1  0 99  0  0
 0  0      0 474969856   2132 19855608    0    0     0     0 59812 125554  1  1 99  0  0
 1  0      0 474970848   2132 19855572    0    0     0    56 59736 128148  1  1 99  0  0
 4  0      0 474952000   2132 19855544    0    0     0   120 56939 124967  0  0 99  0  0
17  0      0 474974304   2132 19855596    0    0     0    12 59027 127189  1  1 99  0  0
 1  0      0 474976320   2132 19855612    0    0     0     0 54863 122330  0  0 99  0  0
35  0      0 474978432   2132 19855612    0    0     0     8 57517 124875  0  0 99  0  0
procs -----------memory---------- ---swap-- -----io---- -system-- ------cpu-----
 r  b   swpd   free   buff  cache   si   so    bi    bo   in   cs us sy id wa st
 1  0      0 474980288   2132 19855588    0    0     0     0 56484 126262  0  0 100  0  0
 1  0      0 474980608   2132 19855628    0    0     0    12 57295 125320  0  0 99  0  0
13  0      0 474981792   2132 19855644    0    0     0     8 56453 125331  0  0 99  0  0
 1  0      0 474981696   2132 19855740    0    0     0     0 57193 125992  1  0 99  0  0
 0  0      0 474984224   2132 19855692    0    0     0     8 55320 123413  0  0 100  0  0
 4  0      0 474982848   2132 19855712    0    0     0     0 56480 123745  0  0 99  0  0
 3  0      0 474982176   2132 19855676    0    0     0   164 60933 128002  1  1 98  0  0
 0  0      0 474983680   2132 19855656    0    0     0     0 58604 127540  0  0 99  0  0
 0  0      0 474983680   2132 19855832    0    0     0     8 55711 120194  0  0 99  0  0
 5  0      0 474984384   2132 19855856    0    0     0   376 53273 116484  0  0 100  0  0
 1  0      0 474978560   2132 19856016    0    0     0     0 58537 122897  0  1 99  0  0
