procs -----------memory---------- ---swap-- -----io---- -system-- ------cpu-----
 r  b   swpd   free   buff  cache   si   so    bi    bo   in   cs us sy id wa st
 2  0      0 89876896   2156 19555784    0    0     0     1    1    0  0  0 99  0  0
 1  0      0 89872352   2156 19555880    0    0     0     0 58429 121338  0  1 99  0  0
 6  0      0 89869312   2156 19555928    0    0     0    12 58124 136039  1  0 99  0  0
 5  0      0 89827928   2156 19556056    0    0     0    48 73381 168161  2  2 96  0  0
 5  0      0 89853032   2156 19556116    0    0     0     8 75657 151326  2  1 97  0  0
10  0      0 89830216   2156 19558396    0    0     0     0 132403 231595  5  1 94  0  0
 4  0      0 89805632   2156 19575852    0    0     0     8 147064 274115  4  2 94  0  0
 1  0      0 89799120   2156 19576648    0    0     0     8 90795 185950  2  1 97  0  0
 1  0      0 89789488   2156 19588140    0    0     0    28 146441 303674  4  2 94  0  0
 3  0      0 89790512   2156 19589368    0    0     0     0 73284 187436  2  1 97  0  0
 7  0      0 89785288   2156 19590964    0    0     0     0 96501 235498  3  1 96  0  0
 2  0      0 89786864   2156 19592060    0    0     0   416 82731 202591  2  1 97  0  0
 6  0      0 89779944   2156 19591844    0    0     0     0 96341 278609  4  2 94  0  0
 4  0      0 89778840   2156 19592188    0    0     0   152 65980 168811  2  1 97  0  0
24  0      0 89781464   2156 19592232    0    0     0     0 58798 125379  0  1 99  0  0
 1  0      0 89786608   2156 19592280    0    0     0    56 56629 123036  0  0 99  0  0
 6  0      0 89788992   2156 19592292    0    0     0     0 56554 125257  0  0 99  0  0
 1  0      0 89789568   2156 19592332    0    0     0     8 57159 126226  1  0 99  0  0
 1  0      0 89790104   2156 19592368    0    0     0    16 56992 123950  0  0 99  0  0
 3  0      0 89791168   2156 19592376    0    0     0     0 57800 125949  0  0 99  0  0
 2  0      0 89792208   2156 19592396    0    0     0     8 55597 124328  0  0 99  0  0
procs -----------memory---------- ---swap-- -----io---- -system-- ------cpu-----
 r  b   swpd   free   buff  cache   si   so    bi    bo   in   cs us sy id wa st
 3  0      0 89792496   2156 19592432    0    0     0     0 56868 125125  1  0 99  0  0
 1  0      0 89797136   2156 19592272    0    0     0    12 59214 125806  1  1 99  0  0
 3  0      0 89799240   2156 19592296    0    0     0   100 57187 123341  0  0 99  0  0
 2  0      0 89799552   2156 19592268    0    0     0    16 61702 128534  1  1 98  0  0
 1  0      0 89801880   2156 19592224    0    0     0     0 56080 122562  0  0 99  0  0
 1  0      0 89803560   2156 19592224    0    0     0     8 58104 123837  1  0 99  0  0
 2  0      0 89804992   2156 19592280    0    0     0     0 55243 121279  0  0 100  0  0
 1  0      0 89806320   2156 19592332    0    0     0    56 56400 120367  0  0 99  0  0
 1  0      0 89807216   2156 19592348    0    0     0     8 55234 121351  0  0 100  0  0
 2  0      0 89802104   2156 19592500    0    0     0   368 56656 121548  0  1 99  0  0
