procs -----------memory---------- ---swap-- -----io---- -system-- ------cpu-----
 r  b   swpd   free   buff  cache   si   so    bi    bo   in   cs us sy id wa st
11  0      0 474877312   2132 19860560    0    0     0     1    1    1  0  1 99  0  0
 2  0      0 474874656   2132 19860604    0    0     0     0 55029 119205  0  0 99  0  0
 4  0      0 474868000   2132 19860628    0    0     0     8 61320 137209  1  1 98  0  0
 8  0      0 474870016   2132 19860664    0    0     0    52 69110 157802  2  1 98  0  0
 5  0      0 474863904   2132 19860652    0    0     0    16 80080 157259  3  1 96  0  0
 7  0      0 474838880   2132 19860824    0    0     0     8 115148 185986  5  2 93  0  0
 9  0      0 474818176   2132 19871972    0    0     0     0 169836 317851  5  2 93  0  0
 2  0      0 474814240   2132 19878352    0    0     0     8 98542 206379  2  1 96  0  0
 4  0      0 474798592   2132 19883964    0    0     0    32 145647 292654  4  2 94  0  0
 2  0      0 474793920   2132 19892464    0    0     0     8 88714 203753  3  1 96  0  0
14  0      0 474797184   2132 19894900    0    0     0     0 81904 214353  2  1 96  0  0
16  0      0 474790272   2132 19895940    0    0     0     8 83468 209499  2  1 96  0  0
 7  0      0 474785856   2132 19895636    0    0     0     0 104663 289255  5  2 94  0  0
 4  0      0 474787072   2132 19895436    0    0     0    16 73534 188225  2  1 97  0  0
 6  0      0 474793696   2132 19893944    0    0     0    12 59046 129872  1  1 99  0  0
 3  0      0 474791680   2132 19893452    0    0     0     0 59366 129099  1  1 99  0  0
 4  0      0 474792000   2132 19893496    0    0     0     8 59568 129015  1  1 98  0  0
 2  0      0 474798304   2132 19893508    0    0     0     0 57127 125557  0  0 99  0  0
 2  0      0 474795264   2132 19893508    0    0     0   224 60745 129397  1  1 98  0  0
 4  0      0 474794464   2132 19893508    0    0     0     0 57157 126361  1  0 99  0  0
 1  0      0 474800224   2132 19893388    0    0     0     8 59053 125532  1  1 99  0  0
procs -----------memory---------- ---swap-- -----io---- -system-- ------cpu-----
 r  b   swpd   free   buff  cache   si   so    bi    bo   in   cs us sy id wa st
 2  0      0 474803136   2132 19893624    0    0     0     0 56403 126595  0  0 99  0  0
 1  0      0 474800544   2132 19893568    0    0     0   352 58210 124120  1  1 99  0  0
 3  0      0 474803552   2132 19893608    0    0     0    40 57286 125789  1  0 99  0  0
 2  0      0 474807136   2132 19893648    0    0     0     8 57672 127633  1  0 99  0  0
 1  0      0 474808384   2132 19893632    0    0     0     8 57843 125907  1  0 99  0  0
 1  0      0 474804992   2132 19893652    0    0     0     0 60086 128083  1  1 98  0  0
 2  0      0 474811776   2132 19893520    0    0     0   200 58499 127145  1  1 99  0  0
 3  0      0 474811424   2132 19893544    0    0     0     0 56318 123709  0  0 99  0  0
 2  0      0 474807776   2132 19893596    0    0     0    20 61401 126579  1  1 98  0  0
