0 0.05 0.00 0.04 0.00 0.00 0.00 0.00 0.00 0 0.00
1 0.01 0.00 0.01 0.00 0.00 0.00 0.00 0.00 0 0.00
2 0.01 0.00 0.03 0.00 0.00 0.00 0.00 0.00 0 0.00
3 2.18 0.00 0.21 0.00 0.00 0.01 0.00 0.00 0 0.00
4 2.79 0.00 0.18 0.00 0.00 0.00 0.00 0.00 0 0.00
5 3.07 0.00 0.28 0.00 0.00 0.01 0.00 0.00 0 0.00
6 1.61 0.00 0.17 0.00 0.00 0.01 0.00 0.00 0 0.00
7 1.56 0.00 0.28 0.00 0.00 0.00 0.00 0.00 0 0.00
8 5.10 0.00 0.31 0.00 0.00 0.00 0.00 0.00 0 0.00
9 0.13 0.00 0.00 0.00 0.00 0.00 0.00 0.00 0 0.00
10 0.00 0.00 0.01 0.00 0.00 0.00 0.00 0.00 0 0.00
11 0.19 0.00 0.01 0.00 0.00 0.00 0.00 0.00 0 0.00
12 0.29 0.00 0.05 0.00 0.00 0.00 0.00 0.00 0 0.00
13 0.01 0.00 0.02 0.00 0.00 0.00 0.00 0.00 0 0.00
14 0.00 0.00 0.01 0.00 0.00 0.00 0.00 0.00 0 0.00
15 0.25 0.00 0.02 0.00 0.00 0.00 0.00 0.00 0 0.00
16 0.20 0.00 0.01 0.00 0.00 0.00 0.00 0.00 0 0.00
17 0.00 0.00 0.00 0.00 0.00 0.00 0.00 0.00 0 0.00
18 0.20 0.00 0.04 0.00 0.00 0.00 0.00 0.00 0 0.00
19 0.01 0.00 0.00 0.00 0.00 0.00 0.00 0.00 0 0.00
20 0.00 0.00 0.01 0.00 0.00 0.00 0.00 0.00 0 0.00
21 0.11 0.00 0.03 0.00 0.00 0.00 0.00 0.00 0 0.00
22 0.01 0.00 0.03 0.00 0.00 0.00 0.00 0.00 0 0.00
23 0.00 0.00 0.01 0.00 0.00 0.00 0.00 0.00 0 0.00
