0 0.06 0.00 0.04 0.00 0.00 0.00 0.00 0.00 0 0.00
1 0.00 0.00 0.01 0.00 0.00 0.00 0.00 0.00 0 0.00
2 0.00 0.00 0.00 0.00 0.00 0.00 0.00 0.00 0 0.00
3 2.21 0.00 0.26 0.00 0.00 0.01 0.00 0.00 0 0.00
4 2.80 0.00 0.19 0.00 0.00 0.00 0.00 0.00 0 0.00
5 3.43 0.00 0.28 0.00 0.00 0.01 0.00 0.00 0 0.00
6 2.00 0.00 0.20 0.00 0.00 0.01 0.00 0.00 0 0.00
7 2.01 0.00 0.27 0.00 0.00 0.00 0.00 0.00 0 0.00
8 4.33 0.00 0.31 0.00 0.00 0.00 0.00 0.00 0 0.00
9 0.07 0.00 0.01 0.00 0.00 0.00 0.00 0.00 0 0.00
10 0.00 0.00 0.00 0.00 0.00 0.00 0.00 0.00 0 0.00
11 0.30 0.00 0.05 0.00 0.00 0.00 0.00 0.00 0 0.00
12 0.33 0.00 0.02 0.00 0.00 0.00 0.00 0.00 0 0.00
13 0.00 0.00 0.01 0.00 0.00 0.00 0.00 0.00 0 0.00
14 0.01 0.00 0.01 0.00 0.00 0.00 0.00 0.00 0 0.00
15 0.27 0.00 0.05 0.00 0.00 0.00 0.00 0.00 0 0.00
16 0.00 0.00 0.01 0.00 0.00 0.00 0.00 0.00 0 0.00
17 0.01 0.00 0.03 0.00 0.00 0.00 0.00 0.00 0 0.00
18 0.27 0.00 0.04 0.01 0.00 0.00 0.00 0.00 0 0.00
19 0.01 0.00 0.00 0.00 0.00 0.00 0.00 0.00 0 0.00
20 0.01 0.00 0.01 0.00 0.00 0.00 0.00 0.00 0 0.00
21 0.17 0.00 0.02 0.00 0.00 0.00 0.00 0.00 0 0.00
22 0.00 0.00 0.01 0.00 0.00 0.00 0.00 0.00 0 0.00
23 0.00 0.00 0.00 0.00 0.00 0.00 0.00 0.00 0 0.00
