0 5.01 5.76 0.00
1 0.93 0.77 0.00
2 5.78 73.35 0.00
3 4.93 5.82 0.00
4 5.36 5.37 0.00
5 0.51 1.46 0.00
6 0.41 1.28 0.00
7 6.36 72.94 0.00
8 5.08 5.77 0.00
9 3.87 3.09 0.00
10 482.33 28125.97 0.00
11 952.58 71842.47 0.00
12 768.20 49955.27 0.00
13 956.90 71777.12 0.00
14 891.44 67080.16 0.00
15 850.50 63903.73 0.00
16 960.63 69834.56 0.00
17 702.84 45445.03 0.00
18 965.69 68676.64 0.00
19 881.06 64017.93 0.00
20 882.96 55968.02 0.00
21 976.78 67298.58 0.00
22 1039.81 76659.81 0.00
23 955.90 70033.84 0.00
24 1008.45 73710.16 0.00
25 940.01 65217.27 0.00
26 1011.24 73371.35 0.00
27 1037.74 78534.71 0.00
28 979.24 74554.92 0.00
29 870.53 63095.84 0.00
30 902.36 62349.25 0.00
31 986.27 72297.84 0.00
32 928.05 61959.61 0.00
33 1056.09 78169.48 0.00
34 945.14 63059.35 0.00
35 927.61 70741.85 0.00
36 1006.49 74727.37 0.00
37 696.59 46426.39 0.00
38 960.83 68785.41 0.00
39 880.26 63466.18 0.00
40 966.89 66156.17 0.00
41 1029.49 74593.58 0.00
42 945.21 64290.83 0.00
43 970.06 69625.02 0.00
44 775.52 52781.66 0.00
45 835.06 53628.16 0.00
46 904.65 62809.54 0.00
47 990.27 68267.08 0.00
48 1053.88 76088.74 0.00
49 858.81 58662.26 0.00
50 984.70 73008.93 0.00
51 927.60 67249.56 0.00
52 705.48 43849.59 0.00
53 732.84 46985.01 0.00
54 880.44 64540.63 0.00
55 838.44 54632.20 0.00
56 967.15 73179.22 0.00
57 823.58 59520.58 0.00
58 804.61 51509.51 0.00
59 845.63 59341.07 0.00
60 746.59 49697.59 0.00
61 881.93 72080.99 0.00
62 748.93 59642.44 0.00
63 722.26 55460.29 0.00
64 648.41 58888.35 0.00
65 390.31 46294.45 0.00
66 4.88 5.76 0.00
67 86.74 15046.43 0.00
68 13.97 6241.44 0.00
69 6.85 7.68 0.00
70 585.93 34574.41 0.00
71 1057.26 69121.64 0.00
72 1085.22 73799.19 0.00
73 1077.11 71540.87 0.00
74 1007.18 64753.73 0.00
75 952.42 62580.48 0.00
76 1003.77 62757.68 0.00
77 854.79 57081.75 0.00
78 506.85 34493.70 0.00
79 857.40 49042.91 0.00
80 923.57 61419.08 0.00
81 925.37 60032.26 0.00
82 1034.10 71087.69 0.00
83 1040.48 73782.31 0.00
84 1103.93 78127.42 0.00
85 949.24 63082.73 0.00
86 1092.67 73317.39 0.00
87 1028.32 69238.02 0.00
88 1036.41 75407.04 0.00
89 885.85 55438.25 0.00
90 925.07 66112.35 0.00
91 925.91 64792.69 0.00
92 925.66 62465.43 0.00
93 981.89 67635.50 0.00
94 868.16 57030.06 0.00
95 917.11 66047.41 0.00
96 1048.94 76080.62 0.00
97 868.92 59605.01 0.00
98 959.10 67185.68 0.00
99 839.39 57085.56 0.00
100 994.51 70821.35 0.00
101 956.51 66433.31 0.00
102 882.82 59340.42 0.00
103 1050.08 76834.43 0.00
104 1044.40 74906.75 0.00
105 876.56 66329.60 0.00
106 873.31 62679.71 0.00
107 790.76 54426.94 0.00
108 930.04 66378.06 0.00
109 803.17 56419.42 0.00
110 917.02 63638.71 0.00
111 983.04 67985.41 0.00
112 1000.01 71673.53 0.00
113 912.64 66382.27 0.00
114 924.20 68649.08 0.00
115 910.60 67491.53 0.00
116 810.47 55860.01 0.00
117 812.51 53412.21 0.00
118 786.06 57657.05 0.00
119 815.05 54138.34 0.00
120 705.48 49617.26 0.00
121 769.14 60675.18 0.00
122 820.12 70268.75 0.00
123 751.72 64021.57 0.00
124 459.84 61311.28 0.00
125 10.51 11.49 0.00
126 2.07 3.05 0.00
127 3.37 70.20 0.00
128 5.57 6.28 0.00
129 0.97 1.28 0.00
130 27530.71 18696.62 0.00
131 4.97 6.60 0.00
132 1.88 70.14 0.00
133 4.89 5.25 0.00
134 84424.79 56820.15 0.00
135 29222.91 20268.76 0.00
136 9.41 9.80 0.00
137 10.29 78.67 0.00
138 0.41 1.28 0.00
139 73196.49 51330.19 0.00
140 117118.20 73765.77 0.00
141 118691.88 69876.96 0.00
142 119116.26 82660.60 0.00
143 118886.54 80478.23 0.00
144 118886.75 79478.82 0.00
145 118580.64 71625.32 0.00
146 119368.48 73507.52 0.00
147 118776.79 80906.29 0.00
148 119091.30 71684.13 0.00
149 119164.69 76651.80 0.00
150 111120.13 78581.13 0.00
151 28917.11 20455.35 0.00
152 115059.95 75573.60 0.00
153 119361.00 77111.41 0.00
154 118254.67 78816.05 0.00
155 119713.88 83096.63 0.00
156 118415.06 75840.77 0.00
157 119471.52 78417.67 0.00
158 119617.85 79301.26 0.00
159 118633.91 72055.67 0.00
160 119756.32 81400.78 0.00
161 119260.73 73953.72 0.00
162 118518.49 79784.28 0.00
163 119600.48 77464.18 0.00
164 118759.45 75463.89 0.00
165 119162.22 78644.52 0.00
166 114836.69 78473.31 0.00
167 1388.56 4213.46 0.00
168 4.88 5.82 0.00
169 115537.83 71616.56 0.00
170 119817.53 79758.12 0.00
171 118989.84 76704.78 0.00
172 118656.66 85841.91 0.00
173 119835.96 77901.34 0.00
174 119224.49 76058.71 0.00
175 119774.64 79719.57 0.00
176 119652.67 77624.89 0.00
177 119761.25 75265.46 0.00
178 119176.10 77329.72 0.00
179 119190.42 75962.83 0.00
180 118763.67 70400.36 0.00
181 119696.20 73446.68 0.00
182 119055.21 77224.44 0.00
183 119864.44 72613.75 0.00
184 108075.32 65589.39 0.00
185 118989.01 64762.49 0.00
186 118586.69 66645.94 0.00
187 119860.89 68093.48 0.00
188 119790.74 70514.94 0.00
189 119874.51 63317.46 0.00
190 119828.78 66584.62 0.00
191 119975.31 63051.56 0.00
192 119713.38 62518.83 0.00
193 119916.07 74083.02 0.00
194 119739.21 78799.02 0.00
195 118875.73 46585.40 0.00
196 22521.23 162.70 0.00
197 5.84 73.41 0.00
