0 5.41 6.31 0.00
1 0.99 0.70 0.00
2 6.92 8.19 0.00
3 5.06 5.69 0.00
4 6.48 114.99 0.00
5 0.60 1.36 0.00
6 0.74 1.86 0.00
7 5.54 6.84 0.00
8 5.00 5.84 0.00
9 4.50 112.50 0.00
10 485.86 32722.50 0.00
11 750.97 52757.61 0.00
12 806.17 57953.25 0.00
13 736.68 52767.22 0.00
14 730.14 49317.75 0.00
15 864.07 60940.43 0.00
16 809.85 53671.84 0.00
17 962.04 71897.82 0.00
18 830.62 56362.17 0.00
19 853.73 60402.34 0.00
20 791.09 56161.35 0.00
21 893.01 57814.89 0.00
22 730.65 48282.26 0.00
23 660.44 40710.61 0.00
24 787.61 50769.34 0.00
25 828.19 59868.27 0.00
26 780.81 51586.34 0.00
27 754.66 46324.05 0.00
28 799.59 50487.42 0.00
29 757.28 48677.96 0.00
30 913.49 62636.32 0.00
31 808.18 52292.37 0.00
32 898.28 63127.52 0.00
33 741.97 47031.42 0.00
34 774.06 48281.40 0.00
35 843.89 54414.36 0.00
36 789.71 50024.19 0.00
37 1002.68 77936.32 0.00
38 785.99 56295.77 0.00
39 871.08 61443.99 0.00
40 900.78 59009.79 0.00
41 671.80 39805.33 0.00
42 922.60 61097.97 0.00
43 825.34 55575.33 0.00
44 964.15 71688.72 0.00
45 998.89 71242.37 0.00
46 875.43 62192.59 0.00
47 843.12 57418.03 0.00
48 665.10 42221.38 0.00
49 929.28 66383.92 0.00
50 783.65 51752.73 0.00
51 849.32 57796.69 0.00
52 1026.06 80931.29 0.00
53 1015.24 77841.90 0.00
54 888.54 60212.42 0.00
55 881.18 60950.12 0.00
56 782.43 51859.33 0.00
57 863.08 64897.05 0.00
58 969.85 72867.88 0.00
59 908.85 64733.16 0.00
60 986.64 74353.09 0.00
61 710.13 51611.69 0.00
62 658.71 49912.96 0.00
63 832.74 67503.76 0.00
64 698.08 62667.78 0.00
65 379.44 39843.65 0.00
66 5.22 6.33 0.00
67 80.94 12444.52 0.00
68 11.64 3033.48 0.00
69 8.14 116.80 0.00
70 504.38 37337.39 0.00
71 871.48 55416.27 0.00
72 840.71 50600.79 0.00
73 881.44 53359.69 0.00
74 935.67 59861.05 0.00
75 936.21 62041.48 0.00
76 957.60 62254.92 0.00
77 1002.38 67439.53 0.00
78 658.58 48667.86 0.00
79 882.76 60882.31 0.00
80 942.41 63065.01 0.00
81 974.82 64692.29 0.00
82 855.48 54044.35 0.00
83 813.18 50688.09 0.00
84 791.06 46733.40 0.00
85 913.36 61592.45 0.00
86 790.61 51559.92 0.00
87 821.82 55500.78 0.00
88 773.38 49450.25 0.00
89 1000.50 69374.25 0.00
90 890.32 58867.04 0.00
91 944.92 59741.45 0.00
92 951.05 62766.42 0.00
93 879.34 57272.20 0.00
94 888.29 56378.46 0.00
95 874.71 58685.83 0.00
96 733.94 48509.20 0.00
97 930.69 65168.31 0.00
98 879.72 57841.23 0.00
99 988.24 67565.02 0.00
100 870.79 53697.98 0.00
101 864.66 58434.11 0.00
102 963.85 65313.65 0.00
103 776.46 48016.76 0.00
104 796.94 50042.13 0.00
105 890.37 58554.59 0.00
106 866.69 61719.01 0.00
107 969.90 70433.03 0.00
108 914.38 58629.31 0.00
109 981.77 68187.27 0.00
110 864.69 60903.27 0.00
111 831.31 57068.26 0.00
112 792.38 53181.73 0.00
113 856.47 58240.86 0.00
114 816.41 56038.37 0.00
115 859.25 57067.03 0.00
116 953.98 68970.61 0.00
117 970.46 71484.79 0.00
118 950.98 66839.63 0.00
119 971.64 70061.30 0.00
120 986.76 74235.83 0.00
121 850.90 62913.00 0.00
122 676.44 52411.72 0.00
123 695.86 57514.87 0.00
124 326.53 41878.11 0.00
125 9.62 10.38 0.00
126 0.74 1.86 0.00
127 1.32 2.49 0.00
128 6.54 115.59 0.00
129 1.04 1.22 0.00
130 27334.83 9022.82 0.00
131 5.10 6.47 0.00
132 1.35 4.16 0.00
133 6.05 114.87 0.00
134 82789.39 28409.93 0.00
135 30379.13 10770.54 0.00
136 4.83 5.25 0.00
137 9.58 12.86 0.00
138 1.52 111.48 0.00
139 72025.22 22672.05 0.00
140 116425.58 47397.89 0.00
141 117785.97 54630.88 0.00
142 118893.39 43179.12 0.00
143 119004.50 45637.17 0.00
144 119005.95 46681.31 0.00
145 116926.42 51773.74 0.00
146 118999.37 53351.26 0.00
147 119315.44 44866.19 0.00
148 117855.12 53210.30 0.00
149 118419.51 48926.84 0.00
150 112354.59 42606.64 0.00
151 29451.35 10189.29 0.00
152 114650.47 42429.71 0.00
153 119360.73 49899.63 0.00
154 117187.44 44905.31 0.00
155 117766.93 43737.20 0.00
156 118899.67 49512.40 0.00
157 118680.10 47554.22 0.00
158 119091.79 46500.33 0.00
159 117399.04 52197.39 0.00
160 119498.90 46435.41 0.00
161 119110.69 52012.12 0.00
162 118285.79 45656.42 0.00
163 119797.59 50353.63 0.00
164 118367.86 49249.66 0.00
165 117127.30 44912.62 0.00
166 114572.79 43659.46 0.00
167 4437.66 1328.89 0.00
168 6.10 115.33 0.00
169 114088.19 46293.42 0.00
170 118909.45 47395.42 0.00
171 117760.23 47045.76 0.00
172 118673.24 39041.71 0.00
173 119712.56 48769.95 0.00
174 119050.94 49095.15 0.00
175 119365.81 47210.25 0.00
176 118208.57 47126.09 0.00
177 119691.49 50696.19 0.00
178 119134.47 47950.66 0.00
179 119225.61 49749.01 0.00
180 118902.20 53350.56 0.00
181 119756.86 53378.97 0.00
182 119181.14 48102.71 0.00
183 119379.28 52605.51 0.00
184 108395.19 47851.43 0.00
185 119195.98 59806.28 0.00
186 118794.13 56553.73 0.00
187 119921.73 57595.17 0.00
188 119804.88 54879.83 0.00
189 119883.24 61393.89 0.00
190 119762.68 58021.14 0.00
191 119946.93 61036.46 0.00
192 118819.28 59836.02 0.00
193 119697.14 49397.83 0.00
194 119988.24 44437.85 0.00
195 118929.09 75011.60 0.00
196 22893.64 23006.81 0.00
