0 0.01 0.00 0.01 0.00 0.00 0.00 0.00 0.00 0 0.00
1 0.01 0.00 0.01 0.00 0.00 0.00 0.00 0.00 0 0.00
2 0.01 0.00 0.01 0.00 0.00 0.00 0.00 0.00 0 0.00
3 0.07 0.00 0.05 0.00 0.00 0.00 0.00 0.00 0 0.00
4 0.03 0.00 0.02 0.00 0.00 0.00 0.00 0.00 0 0.00
5 0.01 0.00 0.01 0.00 0.00 0.00 0.00 0.00 0 0.00
6 0.01 0.00 0.02 0.00 0.00 0.00 0.00 0.00 0 0.00
7 1.19 0.00 0.18 0.00 0.00 0.00 0.00 0.00 0 0.00
8 3.36 0.00 0.22 0.00 0.00 0.00 0.00 0.00 0 0.00
9 3.70 0.00 0.41 0.00 0.00 0.00 0.00 0.00 0 0.00
10 1.67 0.00 0.10 0.00 0.00 0.00 0.00 0.00 0 0.00
11 1.83 0.00 0.24 0.00 0.00 0.01 0.00 0.00 0 0.00
12 3.21 0.00 0.27 0.00 0.00 0.00 0.00 0.00 0 0.00
13 8.06 0.00 1.37 0.00 0.00 0.00 0.00 0.00 0 0.00
14 4.98 0.00 0.19 0.00 0.00 0.00 0.00 0.00 0 0.00
15 0.93 0.00 0.05 0.00 0.00 0.00 0.00 0.00 0 0.00
16 1.48 0.00 0.06 0.00 0.00 0.00 0.00 0.00 0 0.00
17 0.56 0.00 0.05 0.00 0.00 0.01 0.00 0.00 0 0.00
18 1.30 0.00 0.10 0.01 0.00 0.00 0.00 0.00 0 0.00
19 2.76 0.00 0.21 0.00 0.00 0.00 0.00 0.00 0 0.00
20 4.52 0.00 0.29 0.00 0.00 0.01 0.00 0.00 0 0.00
