0 0.01 0.00 0.01 0.00 0.00 0.00 0.00 0.00 0 0.00
1 0.01 0.00 0.01 0.00 0.00 0.00 0.00 0.00 0 0.00
2 0.01 0.00 0.02 0.00 0.00 0.00 0.00 0.00 0 0.00
3 0.07 0.00 0.06 0.00 0.00 0.00 0.00 0.00 0 0.00
4 0.03 0.00 0.05 0.00 0.00 0.01 0.00 0.00 0 0.00
5 0.01 0.00 0.01 0.00 0.00 0.00 0.00 0.00 0 0.00
6 0.01 0.00 0.02 0.00 0.00 0.00 0.00 0.00 0 0.00
7 1.16 0.00 0.20 0.00 0.00 0.00 0.00 0.00 0 0.00
8 3.57 0.00 0.20 0.00 0.00 0.00 0.00 0.00 0 0.00
9 3.38 0.00 0.26 0.00 0.00 0.00 0.00 0.00 0 0.00
10 1.94 0.00 0.19 0.00 0.00 0.00 0.00 0.00 0 0.00
11 1.70 0.00 0.24 0.00 0.00 0.00 0.00 0.00 0 0.00
12 4.04 0.00 0.38 0.00 0.00 0.00 0.00 0.00 0 0.00
13 8.58 0.00 0.41 0.00 0.00 0.00 0.00 0.00 0 0.00
14 4.66 0.00 0.32 0.00 0.00 0.00 0.00 0.00 0 0.00
15 4.88 0.00 0.14 0.00 0.00 0.00 0.00 0.00 0 0.00
16 2.24 0.00 0.10 0.00 0.00 0.00 0.00 0.00 0 0.00
17 2.06 0.00 0.08 0.00 0.00 0.01 0.00 0.00 0 0.00
18 3.30 0.00 0.17 0.00 0.00 0.00 0.00 0.00 0 0.00
19 6.08 0.00 0.25 0.00 0.00 0.01 0.00 0.00 0 0.00
