procs -----------memory---------- ---swap-- -----io---- -system-- ------cpu-----
 r  b   swpd   free   buff  cache   si   so    bi    bo   in   cs us sy id wa st
 2  0      0 107128120 112856 14421900    0    0     1     9    1    0  0  0 100  0  0
 0  0      0 107125184 112856 14421904    0    0     0     0 1495 2535  0  0 100  0  0
 0  0      0 107124848 112856 14421960    0    0     0    16 1502 2693  0  0 100  0  0
 0  0      0 107124864 112856 14421960    0    0     0     0 1358 2401  0  0 100  0  0
 0  0      0 107124984 112856 14421984    0    0     0     8 1390 2409  0  0 100  0  0
 1  0      0 107125256 112856 14421992    0    0     0     0 1529 2549  0  0 100  0  0
 1  0      0 107125360 112856 14422004    0    0     0     0 1509 2538  0  0 100  0  0
 1  0      0 107125328 112856 14422012    0    0     0    12 1407 2528  0  0 100  0  0
 1  0      0 107124432 112856 14422028    0    0     0     0 1737 2860  0  0 100  0  0
 0  0      0 107124192 112856 14422056    0    0     0    44 1556 2641  0  0 100  0  0
 0  0      0 107123920 112856 14422064    0    0     0     0 25805 5215  0  0 100  0  0
 0  0      0 107124240 112856 14422076    0    0     0     0 28721 5345  0  0 100  0  0
 0  0      0 107124736 112856 14422084    0    0     0    16 28010 5241  0  0 100  0  0
 0  0      0 107124736 112856 14422100    0    0     0     0 30044 5572  0  0 100  0  0
 0  0      0 107124768 112856 14422108    0    0     0    84 29615 5410  0  0 100  0  0
 0  0      0 107125168 112860 14422112    0    0     0    16 27495 5233  0  0 100  0  0
 0  0      0 107125648 112860 14422132    0    0     0     0 29269 5287  0  0 100  0  0
 2  0      0 107125584 112860 14422144    0    0     0    12 30773 5614  0  0 100  0  0
 0  0      0 107126048 112860 14422156    0    0     0     0 24939 4872  0  0 100  0  0
 0  0      0 107126112 112860 14422164    0    0     0     0 24930 4809  0  0 100  0  0
 1  0      0 107126080 112860 14422172    0    0     0     0 29561 5290  0  0 100  0  0
procs -----------memory---------- ---swap-- -----io---- -system-- ------cpu-----
 r  b   swpd   free   buff  cache   si   so    bi    bo   in   cs us sy id wa st
 1  0      0 107126352 112860 14422188    0    0     0   268 30971 5408  0  0 100  0  0
 0  0      0 107126512 112860 14422196    0    0     0    12 31288 5662  0  0 100  0  0
 0  0      0 107126480 112860 14422212    0    0     0     0 26040 4948  0  0 100  0  0
 0  0      0 107126640 112860 14422220    0    0     0     0 27253 4940  0  0 100  0  0
 0  0      0 107126848 112860 14422232    0    0     0   300 29412 5665  0  0 100  0  0
 0  0      0 107127064 112860 14422244    0    0     0     0 31945 5729  0  0 100  0  0
 0  0      0 107127104 112860 14422252    0    0     0    12 29649 5619  0  0 100  0  0
 1  0      0 107127168 112860 14422268    0    0     0     0 33209 5538  0  0 100  0  0
 0  0      0 107127200 112860 14422276    0    0     0     0 24574 4956  0  0 100  0  0
 0  0      0 107127232 112860 14422296    0    0     0    28 25801 5123  0  0 100  0  0
 1  0      0 107127232 112860 14422300    0    0     0    20 28936 5349  0  0 100  0  0
 1  0      0 107127416 112860 14422308    0    0     0    12 32426 5815  0  0 100  0  0
 0  0      0 107127384 112860 14422320    0    0     0     0 27460 5259  0  0 100  0  0
 0  0      0 107127256 112860 14422332    0    0     0     0 25984 4969  0  0 100  0  0
 0  0      0 107127288 112860 14422344    0    0     0   400 28013 5241  0  0 100  0  0
 0  0      0 107127696 112860 14422352    0    0     0     0 26982 5097  0  0 100  0  0
 1  0      0 107127712 112860 14422368    0    0     0    16 30641 5716  0  0 100  0  0
 3  0      0 107127712 112860 14422380    0    0     0     0 28929 5384  0  0 100  0  0
 0  0      0 107127424 112860 14422388    0    0     0     0 30325 5476  0  0 100  0  0
 0  0      0 107127552 112860 14422400    0    0     0    64 26483 5166  0  0 100  0  0
 0  0      0 107127600 112860 14422408    0    0     0     0 23990 5124  0  0 100  0  0
procs -----------memory---------- ---swap-- -----io---- -system-- ------cpu-----
 r  b   swpd   free   buff  cache   si   so    bi    bo   in   cs us sy id wa st
 0  0      0 107127808 112860 14422424    0    0     0    20 16604 4468  0  0 100  0  0
 1  0      0 107127872 112860 14422436    0    0     0     0 18029 4421  0  0 100  0  0
 0  0      0 107127840 112860 14422448    0    0     0     0 17133 4448  0  0 100  0  0
 0  0      0 107127968 112860 14422460    0    0     0    24 16768 4559  0  0 100  0  0
 0  0      0 107128128 112860 14422484    0    0     0     0 10029 3914  0  0 100  0  0
 1  0      0 107128128 112860 14422484    0    0     0    12 2617 2889  0  0 100  0  0
 1  0      0 107127808 112860 14422504    0    0     0     0 2898 2962  0  0 100  0  0
 0  0      0 107127760 112860 14422512    0    0     0     0 1546 2527  0  0 100  0  0
 0  0      0 107127792 112860 14422528    0    0     0     0 12228 3660  0  0 100  0  0
 2  0      0 107127824 112868 14422540    0    0     0    12 23232 4794  0  0 100  0  0
 0  0      0 107127936 112868 14422548    0    0     0    12 24277 5143  0  0 100  0  0
 0  0      0 107128064 112868 14422560    0    0     0     0 24011 4874  0  0 100  0  0
 1  0      0 107127936 112868 14422572    0    0     0     0 23374 4833  0  0 100  0  0
 1  0      0 107128000 112868 14422580    0    0     0   224 26755 5186  0  0 100  0  0
 0  0      0 107128248 112868 14422592    0    0     0     0 18422 4315  0  0 100  0  0
 0  0      0 107128216 112868 14422604    0    0     0    12 24622 5251  0  0 100  0  0
 1  0      0 107128304 112868 14422620    0    0     0     0 21503 4666  0  0 100  0  0
 0  0      0 107128432 112868 14422660    0    0     0     0 17054 4136  0  0 100  0  0
 0  0      0 107128496 112868 14422660    0    0     0    20 20732 4505  0  0 100  0  0
 0  0      0 107128528 112868 14422672    0    0     0     0 18900 4517  0  0 100  0  0
 0  0      0 107128752 112868 14422692    0    0     0    16 21505 4750  0  0 100  0  0
procs -----------memory---------- ---swap-- -----io---- -system-- ------cpu-----
 r  b   swpd   free   buff  cache   si   so    bi    bo   in   cs us sy id wa st
 0  0      0 107128688 112868 14422704    0    0     0     0 22720 4732  0  0 100  0  0
 1  0      0 107128496 112868 14422716    0    0     0     0 22257 4726  0  0 100  0  0
 0  0      0 107128528 112868 14422728    0    0     0     8 22986 4908  0  0 100  0  0
 2  0      0 107128688 112868 14422740    0    0     0     0 20710 4606  0  0 100  0  0
 0  0      0 107128720 112868 14422748    0    0     0    12 18934 4475  0  0 100  0  0
 0  0      0 107128528 112868 14422760    0    0     0     0 20000 4516  0  0 100  0  0
 0  0      0 107128840 112868 14422768    0    0     0     0 17556 4387  0  0 100  0  0
 0  0      0 107128712 112868 14422780    0    0     0   456 19710 4581  0  0 100  0  0
 0  0      0 107128688 112868 14422796    0    0     0     0 20761 4761  0  0 100  0  0
 1  0      0 107128704 112868 14422808    0    0     0    16 18740 4592  0  0 100  0  0
 0  0      0 107128672 112868 14422816    0    0     0     0 19357 4453  0  0 100  0  0
 1  0      0 107128792 112868 14422824    0    0     0     0 21016 4616  0  0 100  0  0
 0  0      0 107128880 112868 14422840    0    0     0    24 19996 4572  0  0 100  0  0
 0  0      0 107128824 112868 14422848    0    0     0     0 23203 5007  0  0 100  0  0
 0  0      0 107129104 112868 14422860    0    0     0    16 23091 5167  0  0 100  0  0
 0  0      0 107128944 112868 14422868    0    0     0     0 23607 5049  0  0 100  0  0
 0  0      0 107129168 112880 14422884    0    0     0    36 22630 4756  0  0 100  0  0
 0  0      0 107129168 112880 14422896    0    0     0     0 20484 4625  0  0 100  0  0
 0  0      0 107129136 112880 14422904    0    0     0     0 22728 5070  0  0 100  0  0
 0  0      0 107129152 112880 14422916    0    0     0    12 21735 4934  0  0 100  0  0
 0  0      0 107129360 112880 14422928    0    0     0     0 19975 4756  0  0 100  0  0
procs -----------memory---------- ---swap-- -----io---- -system-- ------cpu-----
 r  b   swpd   free   buff  cache   si   so    bi    bo   in   cs us sy id wa st
 0  0      0 107129688 112880 14422940    0    0     0     0 21095 5038  0  0 100  0  0
 0  0      0 107129712 112880 14422952    0    0     0   176 18650 5139  0  0 100  0  0
 0  0      0 107129856 112880 14422960    0    0     0    28 8971 4032  0  0 100  0  0
 0  0      0 107129856 112880 14422980    0    0     0    12 1411 2482  0  0 100  0  0
 0  0      0 107129856 112880 14422988    0    0     0     0 1409 2419  0  0 100  0  0
 0  0      0 107130080 112880 14423000    0    0     0     0 1446 2494  0  0 100  0  0
 0  0      0 107130048 112880 14423008    0    0     0    12 1392 2479  0  0 100  0  0
 0  0      0 107129920 112880 14423016    0    0     0    16 1385 2522  0  0 100  0  0
 0  0      0 107129920 112880 14423032    0    0     0    12 1405 2500  0  0 100  0  0
 1  0      0 107053696 112884 14502524    0    0     4     0 60329 43215  0  1 99  0  0
 0  0      0 106935976 112888 14618304    0    0     4     0 104000 63550  0  1 99  0  0
 1  0      0 106821744 112892 14735196    0    0     4     8 106732 62193  0  1 99  0  0
 0  0      0 106809784 112892 14745380    0    0     0     0 8706 6306  0  0 100  0  0
 0  0      0 106807440 112892 14747244    0    0     0    16 1508 2657  0  0 100  0  0
 0  0      0 106805736 112900 14748364    0    0     0 318276 4579 3338  0  0 100  0  0
 0  0      0 106731352 112900 14822524    0    0     0     0 75947 49156  0  1 99  0  0
 1  0      0 106615920 112908 14937252    0    0     8    36 108222 66403  0  1 99  0  0
 1  0      0 106499328 112908 15051084    0    0     0     0 107906 67580  0  1 99  0  0
 1  0      0 106381104 112912 15170984    0    0     4    16 107091 69188  0  1 99  0  0
 0  0      0 106268552 112924 15285980    0    0     4 465280 116024 69276  0  1 99  0  0
 3  0      0 106149792 112928 15399272    0    0     4     0 106964 66830  0  1 99  0  0
procs -----------memory---------- ---swap-- -----io---- -system-- ------cpu-----
 r  b   swpd   free   buff  cache   si   so    bi    bo   in   cs us sy id wa st
 1  0      0 106033760 112932 15518048    0    0     4   452 107265 68508  0  1 99  0  0
 2  0      0 105916128 112936 15634204    0    0     4     0 111617 68464  0  1 99  0  0
 2  0      0 105801752 112940 15749048    0    0     4    16 109696 70446  0  1 99  0  0
 0  0      0 105683032 112956 15867048    0    0     4 568396 114612 66333  0  1 99  0  0
 0  0      0 105567488 112960 15985948    0    0     4     0 109761 66649  0  1 99  0  0
 0  0      0 105450384 112964 16097528    0    0     4     0 110223 64527  0  1 99  0  0
 0  0      0 105335920 112968 16216024    0    0     4     0 110419 65723  0  1 99  0  0
 1  0      0 105216432 112972 16334984    0    0     4    12 109605 66954  0  1 99  0  0
 0  0      0 105103552 112984 16448292    0    0     4 566144 117179 65330  0  1 99  0  0
 2  0      0 105008608 112984 16543600    0    0     0     0 87449 58958  0  1 99  0  0
 0  0      0 104891728 112988 16656796    0    0     4   188 99405 64269  0  1 99  0  0
 0  0      0 104776328 112992 16771528    0    0     4     0 103615 66616  0  1 99  0  0
 1  0      0 104659872 112996 16889784    0    0     4    12 104576 64782  0  1 99  0  0
 0  0      0 104542992 113004 17005748    0    0     4 547996 118854 71589  0  1 99  0  0
 1  0      0 104430800 113008 17123232    0    0     4     0 113157 69643  0  1 99  0  0
 1  0      0 104311568 113012 17240248    0    0     4    12 104073 66832  0  1 99  0  0
 0  0      0 104194304 113020 17353924    0    0     4     0 112275 69126  0  1 99  0  0
 0  0      0 104079888 113024 17470144    0    0     4    12 109852 69647  0  1 99  0  0
 1  0      0 103963024 113028 17586104    0    0     0 564392 114303 69812  0  1 99  0  0
 1  0      0 103845264 113040 17705400    0    0     8     0 113672 72411  0  1 99  0  0
 0  0      0 103727984 113040 17823712    0    0     0    28 101415 64633  0  1 99  0  0
procs -----------memory---------- ---swap-- -----io---- -system-- ------cpu-----
 r  b   swpd   free   buff  cache   si   so    bi    bo   in   cs us sy id wa st
 1  0      0 103610608 113044 17939612    0    0     4     0 110200 72045  0  1 99  0  0
 1  0      0 103496456 113048 18056720    0    0     4    16 103751 67628  0  1 99  0  0
 1  0      0 103376448 113056 18171384    0    0     4 568180 103813 60508  0  1 99  0  0
 1  0      0 103276448 113060 18278104    0    0     4     0 78563 59416  0  1 99  0  0
 0  0      0 103155504 113064 18395536    0    0     4    28 86577 63178  0  1 99  0  0
 0  0      0 103038056 113068 18510908    0    0     4     0 68431 51494  0  1 99  0  0
 1  0      0 102926464 113068 18624588    0    0     0    16 35573 28646  0  1 99  0  0
 0  0      0 102889600 113080 18661344    0    0     4 548264 19537 12877  0  1 99  0  0
 1  0      0 102882000 113080 18666300    0    0     0     0 2081 2961  0  0 100  0  0
