procs -----------memory---------- ---swap-- -----io---- -system-- ------cpu-----
 r  b   swpd   free   buff  cache   si   so    bi    bo   in   cs us sy id wa st
 2  0      0 323798144 287392 173576560    0    0     0    16    0    0  0  0 100  0  0
 1  0      0 323796000 287392 173576576    0    0     0     0 1620 2508  0  0 100  0  0
 0  0      0 323794976 287400 173576592    0    0     0   272 1360 2420  0  0 100  0  0
 0  0      0 323794976 287400 173576592    0    0     0     0 1381 2387  0  0 100  0  0
 0  0      0 323795008 287400 173576592    0    0     0    36 1434 2606  0  0 100  0  0
 0  0      0 323795232 287400 173576592    0    0     0     0 1432 2462  0  0 100  0  0
 0  0      0 323795360 287400 173576640    0    0     0     0 1381 2423  0  0 100  0  0
 0  0      0 323795488 287400 173576640    0    0     0     0 1336 2412  0  0 100  0  0
 0  0      0 323794944 287400 173576656    0    0     0     0 1750 2997  0  0 100  0  0
 6  0      0 323794944 287400 173576656    0    0     0    36 1549 2808  0  0 100  0  0
 1  0      0 323793856 287400 173576704    0    0     0     0 22601 4627  0  0 100  0  0
 1  0      0 323793984 287400 173576704    0    0     0     0 21024 4619  0  0 100  0  0
 2  0      0 323794432 287400 173576736    0    0     0     0 19256 4359  0  0 100  0  0
 1  0      0 323794304 287400 173576736    0    0     0     0 20411 4469  0  0 100  0  0
 1  0      0 323794368 287400 173576736    0    0     0   440 19281 4444  0  0 100  0  0
 1  0      0 323794752 287408 173576752    0    0     0    16 21788 4648  0  0 100  0  0
 0  0      0 323794976 287408 173576768    0    0     0     0 19586 4470  0  0 100  0  0
 1  0      0 323794976 287408 173576784    0    0     0     0 18825 4577  0  0 100  0  0
 0  0      0 323795136 287408 173576800    0    0     0     0 25226 5104  0  0 100  0  0
 0  0      0 323795520 287408 173576800    0    0     0    24 23577 4855  0  0 100  0  0
 0  0      0 323796032 287408 173576816    0    0     0   284 21913 4643  0  0 100  0  0
procs -----------memory---------- ---swap-- -----io---- -system-- ------cpu-----
 r  b   swpd   free   buff  cache   si   so    bi    bo   in   cs us sy id wa st
 0  0      0 323796160 287408 173576832    0    0     0     0 22155 4704  0  0 100  0  0
 0  0      0 323796224 287408 173576832    0    0     0     0 19818 4416  0  0 100  0  0
 0  0      0 323796224 287408 173576848    0    0     0     0 19888 4410  0  0 100  0  0
 0  0      0 323796192 287408 173576864    0    0     0    12 23859 5091  0  0 100  0  0
 1  0      0 323796160 287408 173576864    0    0     0     0 20317 4320  0  0 100  0  0
 0  0      0 323796544 287408 173576864    0    0     0     0 18605 4260  0  0 100  0  0
 0  0      0 323796608 287408 173576896    0    0     0     0 17223 4111  0  0 100  0  0
 1  0      0 323796608 287408 173576896    0    0     0     0 16975 4195  0  0 100  0  0
 0  0      0 323796704 287408 173576912    0    0     0    64 24609 5195  0  0 100  0  0
 0  0      0 323796736 287408 173576928    0    0     0     0 22665 4804  0  0 100  0  0
 0  0      0 323796704 287408 173576928    0    0     0     0 20577 4472  0  0 100  0  0
 0  0      0 323796768 287408 173576960    0    0     0     0 14172 4032  0  0 100  0  0
 0  0      0 323796736 287408 173576960    0    0     0     0 20824 4846  0  0 100  0  0
 0  0      0 323796864 287408 173576960    0    0     0   432 23429 5056  0  0 100  0  0
 1  0      0 323796896 287408 173576992    0    0     0     0 21420 4577  0  0 100  0  0
 0  0      0 323797088 287408 173576992    0    0     0     0 22522 4893  0  0 100  0  0
 1  0      0 323796864 287408 173577008    0    0     0     0 18327 4476  0  0 100  0  0
 0  0      0 323797088 287408 173577024    0    0     0     0 17363 4240  0  0 100  0  0
 0  0      0 323797024 287408 173577024    0    0     0    56 17981 4421  0  0 100  0  0
 0  0      0 323796992 287408 173577024    0    0     0     0 21399 4747  0  0 100  0  0
 0  0      0 323797152 287408 173577056    0    0     0     0 22704 4909  0  0 100  0  0
procs -----------memory---------- ---swap-- -----io---- -system-- ------cpu-----
 r  b   swpd   free   buff  cache   si   so    bi    bo   in   cs us sy id wa st
 2  0      0 323797376 287408 173577056    0    0     0     0 24066 5166  0  0 100  0  0
 1  0      0 323797152 287408 173577088    0    0     0     0 24244 5365  0  0 100  0  0
 0  0      0 323797024 287408 173577088    0    0     0   260 24375 5506  0  0 100  0  0
 0  0      0 323797216 287408 173577104    0    0     0     0 24058 5424  0  0 100  0  0
 0  0      0 323797568 287408 173577120    0    0     0     0 13037 4923  0  0 100  0  0
 1  0      0 323797472 287408 173577120    0    0     0     0 3616 3022  0  0 100  0  0
 1  0      0 323797024 287408 173577152    0    0     0     0 3271 3019  0  0 100  0  0
 1  0      0 323796736 287408 173577152    0    0     0    24 1473 2586  0  0 100  0  0
 1  0      0 323796672 287408 173577152    0    0     0     0 16420 3909  0  0 100  0  0
 0  0      0 323796640 287408 173577184    0    0     0     0 30734 5118  0  0 100  0  0
 0  0      0 323796800 287408 173577184    0    0     0     0 27465 4992  0  0 100  0  0
 1  0      0 323796736 287412 173577200    0    0     0    12 30091 5245  0  0 100  0  0
 1  0      0 323796768 287412 173577200    0    0     0    12 28838 5204  0  0 100  0  0
 0  0      0 323796768 287412 173577200    0    0     0     0 26308 4713  0  0 100  0  0
 0  0      0 323796800 287412 173577216    0    0     0     0 32872 5696  0  0 100  0  0
 0  0      0 323796736 287412 173577216    0    0     0     0 26736 4947  0  0 100  0  0
 0  0      0 323796768 287412 173577264    0    0     0     0 30651 5276  0  0 100  0  0
 0  0      0 323796864 287412 173577264    0    0     0    56 24272 4840  0  0 100  0  0
 0  0      0 323797056 287412 173577280    0    0     0     0 30399 5451  0  0 100  0  0
 0  0      0 323797056 287412 173577296    0    0     0     0 32707 5561  0  0 100  0  0
 1  0      0 323797184 287412 173577296    0    0     0     0 30338 5289  0  0 100  0  0
procs -----------memory---------- ---swap-- -----io---- -system-- ------cpu-----
 r  b   swpd   free   buff  cache   si   so    bi    bo   in   cs us sy id wa st
 0  0      0 323796960 287412 173577312    0    0     0     0 25721 5176  0  0 100  0  0
 0  0      0 323796832 287412 173577312    0    0     0    32 28712 5397  0  0 100  0  0
 0  0      0 323796832 287412 173577312    0    0     0     0 28951 5071  0  0 100  0  0
 0  0      0 323796832 287412 173577344    0    0     0     0 32307 5426  0  0 100  0  0
 0  0      0 323796992 287412 173577344    0    0     0     0 31743 5532  0  0 100  0  0
 0  0      0 323796960 287412 173577344    0    0     0     0 29815 5450  0  0 100  0  0
 0  0      0 323797024 287412 173577376    0    0     0   436 32447 5668  0  0 100  0  0
 0  0      0 323796864 287412 173577392    0    0     0     0 29270 4955  0  0 100  0  0
 0  0      0 323796832 287412 173577392    0    0     0     0 29310 5187  0  0 100  0  0
 0  0      0 323796608 287412 173577392    0    0     0     0 31733 5492  0  0 100  0  0
 1  0      0 323796864 287412 173577424    0    0     0     0 31828 5623  0  0 100  0  0
 0  0      0 323797120 287412 173577440    0    0     0   160 29351 5420  0  0 100  0  0
 0  0      0 323797280 287412 173577440    0    0     0     0 29621 5286  0  0 100  0  0
 1  0      0 323797312 287412 173577440    0    0     0     0 27677 5011  0  0 100  0  0
 0  0      0 323797312 287412 173577440    0    0     0     0 24942 4963  0  0 100  0  0
 0  0      0 323797184 287412 173577472    0    0     0     0 26025 4893  0  0 100  0  0
 0  0      0 323796800 287412 173577488    0    0     0    24 27447 5218  0  0 100  0  0
 1  0      0 323796640 287412 173577504    0    0     0    52 29694 5348  0  0 100  0  0
 0  0      0 323796576 287412 173577520    0    0     0     0 25290 5112  0  0 100  0  0
 0  0      0 323796576 287412 173577520    0    0     0     0 26484 4988  0  0 100  0  0
 0  0      0 323796768 287412 173577536    0    0     0     0 24767 5097  0  0 100  0  0
procs -----------memory---------- ---swap-- -----io---- -system-- ------cpu-----
 r  b   swpd   free   buff  cache   si   so    bi    bo   in   cs us sy id wa st
 0  0      0 323796768 287412 173577552    0    0     0    12 20752 4924  0  0 100  0  0
 0  0      0 323796768 287412 173577552    0    0     0     0 19645 4785  0  0 100  0  0
 0  0      0 323796960 287412 173577568    0    0     0     0 11645 4253  0  0 100  0  0
 1  0      0 323796960 287412 173577600    0    0     0    44 1334 2393  0  0 100  0  0
 0  0      0 323797088 287412 173577600    0    0     0     0 1404 2543  0  0 100  0  0
 0  0      0 323797184 287412 173577600    0    0     0    40 1592 2679  0  0 100  0  0
 0  0      0 323795136 287412 173577600    0    0     0     0 1292 2325  0  0 100  0  0
 1  0      0 323795136 287412 173577600    0    0     0     0 1295 2345  0  0 100  0  0
 0  0      0 323795136 287412 173577600    0    0     0     0 1430 2524  0  0 100  0  0
 2  0      0 323719936 287412 173654416    0    0     0     0 57695 41349  0  1 99  0  0
 1  0      0 323607264 287412 173768976    0    0     0    32 86939 56537  0  1 99  0  0
 1  0      0 323492704 287412 173879072    0    0     0     0 90034 57358  0  1 99  0  0
 0  0      0 323482816 287412 173891248    0    0     0     0 7858 6090  0  0 100  0  0
 0  0      0 323477504 287412 173892880    0    0     0 317672 3937 2499  0  0 100  0  0
 0  0      0 323479616 287412 173892736    0    0     0   612 1847 2486  0  0 100  0  0
 0  0      0 323409280 287412 173965280    0    0     0    24 68548 43256  0  1 99  0  0
 1  0      0 323298240 287412 174079296    0    0     0     0 99819 61814  0  1 99  0  0
 0  0      0 323184672 287412 174188368    0    0     0     0 104828 66869  0  1 99  0  0
 0  0      0 323065952 287412 174307664    0    0     0     0 104577 67245  0  1 99  0  0
 1  0      0 322957184 287412 174419392    0    0     0     0 106370 69697  0  1 99  0  0
 0  0      0 322842464 287416 174529936    0    0     0 579788 114770 68666  0  1 99  0  0
procs -----------memory---------- ---swap-- -----io---- -system-- ------cpu-----
 r  b   swpd   free   buff  cache   si   so    bi    bo   in   cs us sy id wa st
 1  0      0 322728480 287416 174643488    0    0     0     0 104095 68052  0  1 99  0  0
 2  0      0 322617248 287416 174757856    0    0     0     0 103293 66612  0  1 99  0  0
 1  0      0 322500064 287416 174872256    0    0     0     0 96146 64394  0  1 99  0  0
 1  0      0 322384512 287416 174986944    0    0     0     0 101127 67332  0  1 99  0  0
 0  0      0 322273184 287424 175101232    0    0     0 565936 107110 64916  0  1 99  0  0
 0  0      0 322150848 287424 175215536    0    0     0     0 97124 64769  0  1 99  0  0
 0  0      0 322036416 287424 175332848    0    0     0     0 103718 68379  0  1 99  0  0
 1  0      0 321917696 287424 175454336    0    0     0     0 102755 65296  0  1 99  0  0
 1  0      0 321801600 287424 175568752    0    0     0     0 102760 65843  0  1 99  0  0
 0  0      0 321710688 287428 175656736    0    0     0 552156 85397 53192  0  1 99  0  0
 0  0      0 321596608 287428 175772800    0    0     0     0 96632 62228  0  1 99  0  0
 3  0      0 321477408 287428 175889104    0    0     0     0 98756 64254  0  1 99  0  0
 1  0      0 321361696 287428 176008080    0    0     0     0 104616 64509  0  1 99  0  0
 1  0      0 321246016 287428 176126320    0    0     0     0 100305 62994  0  1 99  0  0
 0  0      0 321127552 287432 176239120    0    0     0 562880 115094 70568  0  1 99  0  0
 0  0      0 321013312 287432 176356352    0    0     0     0 101900 68223  0  1 99  0  0
 2  0      0 320898112 287432 176471936    0    0     0     0 103510 66775  0  1 99  0  0
 3  0      0 320778304 287432 176592736    0    0     0     0 99763 68421  0  1 99  0  0
 1  0      0 320662944 287432 176711008    0    0     0     0 97841 63744  0  1 99  0  0
 0  0      0 320545440 287440 176825792    0    0     0 567384 111417 68654  0  1 99  0  0
 2  0      0 320431040 287440 176940432    0    0     0     0 101144 65752  0  1 99  0  0
procs -----------memory---------- ---swap-- -----io---- -system-- ------cpu-----
 r  b   swpd   free   buff  cache   si   so    bi    bo   in   cs us sy id wa st
 1  0      0 320313568 287440 177058912    0    0     0     0 99002 63946  0  1 99  0  0
 2  0      0 320195680 287440 177176448    0    0     0     0 90049 59729  0  1 99  0  0
 0  0      0 320079712 287440 177291344    0    0     0  3116 93355 63094  0  1 99  0  0
 0  0      0 319977568 287444 177396912    0    0     0 559200 90643 62542  0  1 99  0  0
 3  0      0 319856992 287444 177516592    0    0     0     0 84054 63948  0  1 99  0  0
 0  0      0 319743200 287444 177629664    0    0     0     0 64499 43156  0  1 99  0  0
 2  0      0 319623648 287444 177749504    0    0     0     0 35392 30607  0  1 99  0  0
 0  0      0 319588064 287444 177785824    0    0     0 268028 10948 9511  0  0 100  0  0
 0  0      0 319587296 287444 177787296    0    0     0 173724 2915 2586  0  0 100  0  0
