0 1.72 71.60 0.00
1 9.90 9.85 0.00
2 4.96 5.25 0.00
3 0.42 1.29 0.00
4 0.93 0.77 0.00
5 5.86 72.83 0.00
6 5.07 5.90 0.00
7 4.91 5.25 0.00
8 0.87 0.77 0.00
9 4.89 5.84 0.00
10 5.59 73.00 0.00
11 0.37 0.77 0.00
12 0.98 1.29 0.00
13 4.91 5.25 0.00
14 4.77 5.38 0.00
15 6.66 76.03 0.00
16 4.90 5.25 0.00
17 0.31 0.77 0.00
18 0.98 1.29 0.00
19 5.43 5.25 0.00
20 5.72 73.07 0.00
21 0.47 1.29 0.00
22 5.35 5.25 0.00
23 4.91 5.25 0.00
24 0.40 1.29 0.00
25 6.01 72.83 0.00
26 0.36 0.77 0.00
27 4.89 5.90 0.00
28 0.30 0.77 0.00
29 0.31 0.77 0.00
30 1.35 71.60 0.00
31 5.55 5.25 0.00
32 0.36 0.77 0.00
33 9.37 10.44 0.00
34 0.93 0.77 0.00
35 5.83 72.76 0.00
36 0.46 1.04 0.00
37 5.36 5.31 0.00
38 9.38 9.85 0.00
39 0.42 1.29 0.00
40 0.98 68.52 0.00
41 5.42 5.38 0.00
42 0.40 1.29 0.00
43 0.31 0.77 0.00
44 9.38 9.85 0.00
45 6.59 75.90 0.00
46 4.83 5.25 0.00
47 4.85 5.25 0.00
48 6.03 5.90 0.00
49 4.79 5.38 0.00
50 1.05 68.52 0.00
51 5.66 5.77 0.00
52 4.90 5.25 0.00
53 4.79 5.38 0.00
54 1.04 1.29 0.00
55 10.16 77.37 0.00
56 0.41 0.77 0.00
57 0.42 1.29 0.00
58 4.90 5.25 0.00
59 4.79 5.38 0.00
60 3.03 71.94 0.00
61 0.37 0.77 0.00
62 9.38 9.79 0.00
63 5.60 5.77 0.00
64 4.77 5.38 0.00
65 1.38 68.35 0.00
66 10.06 10.25 0.00
67 0.31 0.77 0.00
68 0.30 0.77 0.00
69 0.42 1.29 0.00
70 5.85 73.00 0.00
71 5.42 5.38 0.00
72 0.40 1.29 0.00
73 9.26 9.98 0.00
74 5.35 5.25 0.00
75 1.51 71.42 0.00
76 4.83 5.25 0.00
77 0.88 0.77 0.00
78 0.98 1.29 0.00
79 4.79 5.38 0.00
80 5.65 73.00 0.00
81 5.47 5.90 0.00
82 0.36 0.77 0.00
83 0.31 0.77 0.00
84 10.06 10.38 0.00
85 1.14 68.35 0.00
86 0.36 0.77 0.00
87 0.42 1.29 0.00
88 4.77 5.25 0.00
89 5.36 5.31 0.00
90 1.41 71.60 0.00
91 0.37 0.77 0.00
92 0.36 0.77 0.00
93 0.99 1.29 0.00
94 4.90 5.25 0.00
95 10.23 77.43 0.00
96 5.52 5.90 0.00
97 0.31 0.77 0.00
98 4.77 5.38 0.00
99 4.96 5.77 0.00
100 6.36 73.00 0.00
101 4.84 5.25 0.00
102 5.01 5.77 0.00
103 0.88 0.77 0.00
104 4.77 5.38 0.00
105 1.47 71.42 0.00
106 0.36 0.77 0.00
107 10.48 9.79 0.00
108 0.40 1.29 0.00
109 0.31 0.77 0.00
110 1.97 68.52 0.00
111 4.89 5.90 0.00
112 4.90 5.25 0.00
113 0.88 0.77 0.00
114 0.40 1.29 0.00
115 1.08 68.35 0.00
116 9.31 9.79 0.00
117 4.89 5.84 0.00
118 4.90 5.25 0.00
119 0.88 0.77 0.00
120 6.08 76.20 0.00
121 0.31 0.77 0.00
122 0.87 0.77 0.00
123 0.42 1.29 0.00
124 9.38 9.85 0.00
125 1.76 68.35 0.00
126 0.40 1.29 0.00
127 4.79 5.31 0.00
128 0.30 0.77 0.00
129 4.96 5.77 0.00
130 6.54 73.00 0.00
131 4.79 5.38 0.00
132 0.46 1.29 0.00
133 5.36 5.31 0.00
134 0.36 0.77 0.00
135 15.43 84.98 0.00
136 1.51 0.77 0.00
137 0.31 0.77 0.00
138 4.88 5.84 0.00
139 0.88 0.77 0.00
140 10.26 76.77 0.00
141 5.08 5.77 0.00
142 0.30 0.77 0.00
143 5.49 5.25 0.00
144 24896.00 9402.37 0.00
145 28817.79 12631.36 0.00
146 4.96 5.25 0.00
147 4.96 5.77 0.00
148 5.48 5.25 0.00
149 4.79 5.38 0.00
150 6.04 76.07 0.00
151 10.03 9.85 0.00
