0 0.68 4.91 0.00
1 10.13 10.26 0.00
2 6.08 115.56 0.00
3 0.50 0.79 0.00
4 1.38 1.40 0.00
5 8.23 556.93 0.00
6 16.97 5602.21 0.00
7 13.94 6544.01 0.00
8 21.84 8407.90 0.00
9 19.60 7628.96 0.00
10 20.18 7717.42 0.00
11 15.37 7795.42 0.00
12 4.55 1364.87 0.00
13 12.40 3647.90 0.00
14 30.30 13037.52 0.00
15 11.02 2494.59 0.00
16 25.50 10816.57 0.00
17 19.50 9628.41 0.00
18 7.26 2937.27 0.00
19 5.52 5.85 0.00
20 8.06 1414.60 0.00
21 2.61 1058.40 0.00
22 32.94 13936.15 0.00
23 29.60 12885.73 0.00
24 4.08 1825.88 0.00
25 11.81 5562.15 0.00
26 27.61 11773.58 0.00
27 25.20 10292.62 0.00
28 3.55 1329.27 0.00
29 0.43 3.60 0.00
30 0.96 5.54 0.00
31 5.58 5.85 0.00
32 1.32 110.39 0.00
33 9.94 10.04 0.00
34 1.49 2.03 0.00
35 4.96 6.85 0.00
36 0.42 0.71 0.00
37 6.62 115.34 0.00
38 9.97 10.73 0.00
39 0.36 0.72 0.00
40 0.53 2.89 0.00
41 5.60 5.19 0.00
42 1.61 110.96 0.00
43 0.61 1.31 0.00
44 9.55 9.96 0.00
45 5.74 9.53 0.00
46 5.29 6.33 0.00
47 5.68 114.88 0.00
48 6.36 5.43 0.00
49 5.07 5.72 0.00
50 0.71 2.99 0.00
51 5.47 5.32 0.00
52 6.04 115.39 0.00
53 5.33 5.50 0.00
54 1.38 1.51 0.00
55 9.61 11.98 0.00
56 0.48 0.71 0.00
57 1.33 110.34 0.00
58 5.47 6.77 0.00
59 4.97 5.19 0.00
60 1.26 4.91 0.00
61 0.53 1.24 0.00
62 10.69 120.04 0.00
63 5.55 5.40 0.00
64 5.18 5.88 0.00
65 0.43 2.38 0.00
66 10.23 10.35 0.00
67 1.44 110.86 0.00
68 0.61 0.95 0.00
69 0.36 0.72 0.00
70 5.29 8.12 0.00
71 5.60 5.19 0.00
72 1.39 110.33 0.00
73 10.05 10.50 0.00
74 5.80 5.98 0.00
75 0.68 4.92 0.00
76 5.00 5.71 0.00
77 1.84 110.34 0.00
78 1.46 1.64 0.00
79 5.07 5.72 0.00
80 4.90 6.97 0.00
81 5.54 5.19 0.00
82 1.65 111.52 0.00
83 0.50 0.79 0.00
84 10.19 9.94 0.00
85 0.59 2.94 0.00
86 0.70 1.38 0.00
87 1.33 110.34 0.00
88 0.71 1.47 0.00
89 9.96 9.67 0.00
90 0.96 5.54 0.00
91 0.53 1.28 0.00
92 1.45 110.33 0.00
93 1.30 1.02 0.00
94 5.33 6.63 0.00
95 9.51 11.46 0.00
96 5.60 5.22 0.00
97 1.44 110.86 0.00
98 5.49 6.12 0.00
99 4.84 5.26 0.00
100 5.59 7.43 0.00
101 4.90 5.24 0.00
102 6.15 115.56 0.00
103 1.18 1.31 0.00
104 5.07 5.35 0.00
105 0.68 4.92 0.00
106 0.81 1.90 0.00
107 11.37 119.36 0.00
108 0.61 0.95 0.00
109 0.47 1.24 0.00
110 1.28 2.99 0.00
111 5.03 5.24 0.00
112 5.98 115.46 0.00
113 1.30 1.02 0.00
114 0.75 1.51 0.00
115 0.53 2.90 0.00
116 9.38 9.72 0.00
117 5.87 114.82 0.00
118 5.47 6.77 0.00
119 0.93 0.71 0.00
120 5.29 9.39 0.00
121 0.47 1.24 0.00
122 2.19 110.96 0.00
123 0.50 0.79 0.00
124 9.66 10.48 0.00
125 1.00 2.38 0.00
126 0.64 1.33 0.00
127 5.98 115.34 0.00
128 0.61 0.95 0.00
129 4.84 5.26 0.00
130 5.87 8.12 0.00
131 4.97 5.19 0.00
132 1.39 110.33 0.00
133 5.95 6.02 0.00
134 0.81 1.51 0.00
135 14.30 18.61 0.00
136 1.68 1.23 0.00
137 1.26 110.34 0.00
138 5.43 6.12 0.00
139 1.04 1.24 0.00
140 9.44 11.38 0.00
141 4.90 5.32 0.00
142 1.72 111.48 0.00
143 5.55 5.40 0.00
144 25495.73 15562.85 0.00
145 28303.76 17210.24 0.00
146 5.18 5.94 0.00
147 5.87 114.88 0.00
148 5.77 6.08 0.00
149 4.97 5.19 0.00
150 5.44 10.02 0.00
151 10.19 10.32 0.00
