0 0.00 0.00 0.02 0.00 0.00 0.00 0.00 0.00 0 0.00
1 0.01 0.00 0.02 0.00 0.00 0.00 0.00 0.00 0 0.00
2 0.00 0.00 0.02 0.00 0.00 0.00 0.00 0.00 0 0.00
3 0.05 0.00 0.04 0.00 0.00 0.00 0.00 0.00 0 0.00
4 0.05 0.00 0.05 0.00 0.00 0.00 0.00 0.00 0 0.00
5 0.01 0.00 0.02 0.00 0.00 0.00 0.00 0.00 0 0.00
6 0.01 0.00 0.01 0.00 0.00 0.00 0.00 0.00 0 0.00
7 2.38 0.00 0.26 0.00 0.00 0.00 0.00 0.00 0 0.00
8 2.89 0.00 0.20 0.00 0.00 0.00 0.00 0.00 0 0.00
9 3.44 0.00 0.26 0.00 0.00 0.00 0.00 0.00 0 0.00
10 2.41 0.00 0.22 0.00 0.00 0.01 0.00 0.00 0 0.00
11 1.41 0.00 0.25 0.00 0.00 0.00 0.00 0.00 0 0.00
12 4.49 0.00 0.32 0.00 0.00 0.00 0.00 0.00 0 0.00
13 7.67 0.00 0.65 0.00 0.00 0.00 0.00 0.00 0 0.00
14 6.22 0.00 0.30 0.00 0.00 0.00 0.00 0.00 0 0.00
15 7.16 0.00 0.34 0.00 0.00 0.00 0.00 0.00 0 0.00
16 4.38 0.00 0.31 0.00 0.00 0.01 0.00 0.00 0 0.00
17 9.22 0.00 0.34 0.00 0.00 0.01 0.00 0.00 0 0.00
18 10.25 0.00 0.34 0.00 0.00 0.02 0.00 0.00 0 0.00
19 4.17 0.00 0.18 0.00 0.00 0.01 0.00 0.00 0 0.00
20 9.26 0.00 0.53 0.00 0.00 0.00 0.00 0.00 0 0.00
21 8.16 0.00 0.21 0.00 0.00 0.00 0.00 0.00 0 0.00
22 4.89 0.00 0.29 0.00 0.00 0.00 0.00 0.00 0 0.00
23 0.08 0.00 0.01 0.00 0.00 0.00 0.00 0.00 0 0.00
24 0.01 0.00 0.04 0.00 0.00 0.00 0.00 0.00 0 0.00
25 0.02 0.00 0.02 0.00 0.00 0.00 0.00 0.00 0 0.00
26 0.01 0.00 0.01 0.00 0.00 0.00 0.00 0.00 0 0.00
27 2.58 0.00 0.14 0.00 0.00 0.00 0.00 0.00 0 0.00
28 0.83 0.00 0.05 0.00 0.00 0.00 0.00 0.00 0 0.00
29 8.41 0.00 0.94 0.00 0.00 0.01 0.00 0.00 0 0.00
30 12.85 0.00 0.30 0.00 0.00 0.00 0.00 0.00 0 0.00
31 6.15 0.00 0.37 0.00 0.00 0.00 0.00 0.00 0 0.00
32 1.05 0.00 0.10 0.00 0.00 0.00 0.00 0.00 0 0.00
