0 0.02 0.00 0.02 0.00 0.00 0.00 0.00 0.00 0 0.00
1 0.01 0.00 0.01 0.00 0.00 0.00 0.00 0.00 0 0.00
2 0.01 0.00 0.01 0.00 0.00 0.00 0.00 0.00 0 0.00
3 0.07 0.00 0.05 0.00 0.00 0.00 0.00 0.00 0 0.00
4 0.03 0.00 0.03 0.00 0.00 0.00 0.00 0.00 0 0.00
5 0.01 0.00 0.01 0.00 0.00 0.00 0.00 0.00 0 0.00
6 0.01 0.00 0.02 0.00 0.00 0.00 0.00 0.00 0 0.00
7 2.32 0.00 0.35 0.00 0.00 0.01 0.00 0.00 0 0.00
8 2.79 0.00 0.19 0.00 0.00 0.00 0.00 0.00 0 0.00
9 2.93 0.00 0.29 0.00 0.00 0.00 0.00 0.00 0 0.00
10 2.35 0.00 0.17 0.00 0.00 0.01 0.00 0.00 0 0.00
11 1.71 0.00 0.24 0.00 0.00 0.00 0.00 0.00 0 0.00
12 4.54 0.00 0.40 0.00 0.00 0.00 0.00 0.00 0 0.00
13 5.08 0.00 1.43 0.00 0.00 0.01 0.00 0.00 0 0.00
14 4.11 0.00 0.17 0.00 0.00 0.00 0.00 0.00 0 0.00
15 6.86 0.00 0.20 0.00 0.00 0.01 0.00 0.00 0 0.00
16 5.15 0.00 0.34 0.00 0.00 0.00 0.00 0.00 0 0.00
17 8.67 0.00 0.56 0.00 0.00 0.01 0.00 0.00 0 0.00
18 8.14 0.00 0.35 0.00 0.00 0.02 0.00 0.00 0 0.00
19 3.68 0.00 0.07 0.00 0.00 0.00 0.00 0.00 0 0.00
20 6.67 0.00 1.88 0.00 0.00 0.01 0.00 0.00 0 0.00
21 7.31 0.00 1.40 0.00 0.00 0.00 0.00 0.00 0 0.00
22 2.29 0.00 0.09 0.00 0.00 0.00 0.00 0.00 0 0.00
23 0.22 0.00 0.03 0.00 0.00 0.00 0.00 0.00 0 0.00
24 0.01 0.00 0.01 0.00 0.00 0.00 0.00 0.00 0 0.00
25 0.01 0.00 0.01 0.00 0.00 0.00 0.00 0.00 0 0.00
26 0.02 0.00 0.02 0.00 0.00 0.00 0.00 0.00 0 0.00
27 0.01 0.00 0.01 0.00 0.00 0.00 0.00 0.00 0 0.00
28 0.64 0.00 0.04 0.00 0.00 0.00 0.00 0.00 0 0.00
29 3.52 0.00 0.17 0.01 0.00 0.00 0.00 0.00 0 0.00
30 15.55 0.00 1.17 0.58 0.00 0.01 0.00 0.00 0 0.00
31 7.05 0.00 0.23 0.00 0.00 0.01 0.00 0.00 0 0.00
32 0.50 0.00 0.04 0.00 0.00 0.00 0.00 0.00 0 0.00
33 2.21 0.00 0.15 0.00 0.00 0.01 0.00 0.00 0 0.00
