0 9.93 9.62 0.00
1 0.49 1.64 0.00
2 0.38 0.78 0.00
3 9.73 120.50 0.00
4 3.31 8.68 0.00
5 5.00 5.25 0.00
6 5.33 5.21 0.00
7 3.83 3.96 0.00
8 8.32 189.26 0.00
9 4.95 9.18 0.00
10 24642.99 197.89 0.00
11 55506.85 531.89 0.00
12 6.57 2.69 0.00
13 29.33 117.23 0.00
14 10.29 14.65 0.00
15 90.31 48.95 0.00
16 100.49 65.10 0.00
17 4380.17 6282.14 0.00
18 6972.87 14414.78 0.00
19 2509.42 741.97 0.00
20 73.54 41.15 0.00
21 84.02 47.38 0.00
22 387.50 222.70 0.00
23 6.32 117.36 0.00
24 1.49 6.97 0.00
25 9.59 10.78 0.00
26 4.81 5.08 0.00
27 28.19 20.16 0.00
28 64.28 128.26 0.00
29 1.54 15.51 0.00
30 0.85 0.60 0.00
31 7882.70 7409.28 0.00
32 3351.24 4937.65 0.00
