0 9.85 9.47 0.00
1 0.46 1.42 0.00
2 0.25 0.39 0.00
3 11.02 76.32 0.00
4 2.20 8.57 0.00
5 4.73 5.00 0.00
6 5.43 4.87 0.00
7 3.58 3.12 0.00
8 7.24 144.91 0.00
9 4.85 8.99 0.00
10 11113.44 121.86 0.00
11 65547.33 602.44 0.00
12 3494.29 23.05 0.00
13 27.79 71.78 0.00
14 11.72 15.76 0.00
15 40.14 21.46 0.00
16 90.36 60.26 0.00
17 6372.87 4319.02 0.00
18 13618.87 9703.78 0.00
19 1656.62 331.94 0.00
20 84.05 46.97 0.00
21 83.99 47.25 0.00
22 376.78 215.92 0.00
23 5.55 73.28 0.00
24 1.77 7.02 0.00
25 9.54 10.50 0.00
26 4.73 4.93 0.00
27 10.06 9.43 0.00
28 62.10 83.40 0.00
29 1.09 8.06 0.00
30 0.83 0.39 0.00
31 7639.27 9477.51 0.00
32 49.47 4913.22 0.00
33 7862.86 227.23 0.00
