0 0.00 0.47 0.15 3.93 2.75 93.73 47.35 0.01 3.34 0.04
1 0.00 0.00 0.00 0.00 0.00 0.00 0.00 0.00 0.00 0.00
2 0.00 0.00 0.00 3.00 0.00 24.00 16.00 0.00 0.00 0.00
3 0.00 0.00 0.00 3.00 0.00 8.00 5.33 0.00 0.00 0.00
4 0.00 0.00 0.00 10.00 0.00 92.00 18.40 0.00 0.00 0.00
5 0.00 4.00 0.00 42.00 0.00 504.00 24.00 0.03 0.60 0.10
6 0.00 0.00 0.00 0.00 0.00 0.00 0.00 0.00 0.00 0.00
7 0.00 0.00 0.00 3.00 0.00 8.00 5.33 0.00 0.00 0.00
8 0.00 0.00 0.00 0.00 0.00 0.00 0.00 0.00 0.00 0.00
9 0.00 0.00 0.00 15.00 0.00 112.00 14.93 0.00 0.00 0.00
10 0.00 0.00 0.00 0.00 0.00 0.00 0.00 0.00 0.00 0.00
11 0.00 0.00 0.00 0.00 0.00 0.00 0.00 0.00 0.00 0.00
12 0.00 0.00 0.00 3.00 0.00 8.00 5.33 0.00 0.00 0.00
13 0.00 0.00 0.00 0.00 0.00 0.00 0.00 0.00 0.00 0.00
14 0.00 0.00 0.00 11.00 0.00 40.00 7.27 0.00 0.18 0.10
15 0.00 0.00 0.00 0.00 0.00 0.00 0.00 0.00 0.00 0.00
16 0.00 0.00 0.00 3.00 0.00 20.00 13.33 0.00 0.00 0.00
17 0.00 0.00 0.00 6.00 0.00 24.00 8.00 0.00 0.17 0.10
18 0.00 0.00 0.00 3.00 0.00 16.00 10.67 0.00 0.00 0.00
19 0.00 0.00 0.00 3.00 0.00 36.00 24.00 0.00 0.00 0.00
20 0.00 0.00 0.00 6.00 0.00 44.00 14.67 0.00 0.17 0.10
21 0.00 0.00 0.00 0.00 0.00 0.00 0.00 0.00 0.00 0.00
22 0.00 0.00 0.00 0.00 0.00 0.00 0.00 0.00 0.00 0.00
23 0.00 0.00 0.00 3.00 0.00 20.00 13.33 0.00 0.00 0.00
24 0.00 0.00 0.00 8.00 0.00 60.00 15.00 0.00 0.00 0.00
25 0.00 0.00 0.00 11.00 0.00 84.00 15.27 0.00 0.00 0.00
26 0.00 91.00 0.00 238.00 0.00 77904.00 654.66 11.40 47.89 15.40
27 0.00 0.00 0.00 3.00 0.00 16.00 10.67 0.00 0.00 0.00
28 0.00 0.00 0.00 0.00 0.00 0.00 0.00 0.00 0.00 0.00
29 0.00 0.00 0.00 10.00 0.00 128.00 25.60 0.00 0.00 0.00
30 0.00 0.00 0.00 16.00 0.00 204.00 25.50 0.01 0.31 0.10
31 0.00 0.00 0.00 0.00 0.00 0.00 0.00 0.00 0.00 0.00
32 0.00 0.00 0.00 43.00 0.00 508.00 23.63 0.01 0.14 0.20
33 0.00 0.00 0.00 0.00 0.00 0.00 0.00 0.00 0.00 0.00
34 0.00 0.00 0.00 18.00 0.00 252.00 28.00 0.00 0.00 0.00
35 0.00 14.00 0.00 51.00 0.00 772.00 30.27 0.03 0.53 0.10
36 0.00 0.00 0.00 5.00 0.00 68.00 27.20 0.00 0.20 0.10
37 0.00 0.00 0.00 0.00 0.00 0.00 0.00 0.00 0.00 0.00
38 0.00 0.00 0.00 7.00 0.00 36.00 10.29 0.00 0.43 0.20
