0 0.00 0.50 0.09 3.94 2.62 92.59 47.22 0.01 3.27 0.04
1 0.00 9.00 0.00 47.00 0.00 540.00 22.98 0.03 0.55 0.20
2 0.00 0.00 0.00 3.00 0.00 24.00 16.00 0.00 0.00 0.00
3 0.00 0.00 0.00 3.00 0.00 8.00 5.33 0.00 0.00 0.00
4 0.00 0.00 0.00 10.00 0.00 84.00 16.80 0.00 0.00 0.00
5 0.00 0.00 0.00 0.00 0.00 0.00 0.00 0.00 0.00 0.00
6 0.00 0.00 0.00 11.00 0.00 96.00 17.45 0.00 0.00 0.00
7 0.00 0.00 0.00 0.00 0.00 0.00 0.00 0.00 0.00 0.00
8 0.00 0.00 0.00 3.00 0.00 12.00 8.00 0.00 0.00 0.00
9 0.00 0.00 0.00 0.00 0.00 0.00 0.00 0.00 0.00 0.00
10 0.00 0.00 0.00 6.00 0.00 32.00 10.67 0.00 0.17 0.10
11 0.00 0.00 0.00 5.00 0.00 32.00 12.80 0.00 0.00 0.00
12 0.00 0.00 0.00 3.00 0.00 8.00 5.33 0.00 0.33 0.10
13 0.00 0.00 0.00 0.00 0.00 0.00 0.00 0.00 0.00 0.00
14 0.00 0.00 0.00 0.00 0.00 0.00 0.00 0.00 0.00 0.00
15 0.00 0.00 0.00 3.00 0.00 8.00 5.33 0.00 0.00 0.00
16 0.00 0.00 0.00 2.00 0.00 36.00 36.00 0.00 0.00 0.00
17 0.00 0.00 0.00 3.00 0.00 16.00 10.67 0.00 0.33 0.10
18 0.00 0.00 0.00 0.00 0.00 0.00 0.00 0.00 0.00 0.00
19 0.00 0.00 0.00 3.00 0.00 16.00 10.67 0.00 0.00 0.00
20 0.00 0.00 0.00 0.00 0.00 0.00 0.00 0.00 0.00 0.00
21 0.00 0.00 0.00 8.00 0.00 44.00 11.00 0.00 0.00 0.00
22 0.00 0.00 0.00 0.00 0.00 0.00 0.00 0.00 0.00 0.00
23 0.00 0.00 0.00 0.00 0.00 0.00 0.00 0.00 0.00 0.00
24 0.00 0.00 0.00 3.00 0.00 20.00 13.33 0.00 0.33 0.10
25 0.00 0.00 0.00 0.00 0.00 0.00 0.00 0.00 0.00 0.00
26 0.00 41.00 0.00 273.00 0.00 70916.00 519.53 9.27 33.96 14.20
27 0.00 0.00 0.00 8.00 0.00 56.00 14.00 0.00 0.12 0.10
28 0.00 0.00 0.00 25.00 0.00 340.00 27.20 0.00 0.16 0.20
29 0.00 0.00 0.00 0.00 0.00 0.00 0.00 0.00 0.00 0.00
30 0.00 0.00 0.00 9.00 0.00 108.00 24.00 0.00 0.33 0.10
31 0.00 12.00 0.00 105.00 0.00 8260.00 157.33 0.13 1.24 1.70
32 0.00 0.00 0.00 11.00 0.00 100.00 18.18 0.00 0.18 0.10
33 0.00 0.00 0.00 67.00 0.00 808.00 24.12 0.00 0.04 0.20
34 0.00 0.00 0.00 22.00 0.00 308.00 28.00 0.01 0.36 0.10
35 0.00 0.00 0.00 7.00 0.00 92.00 26.29 0.00 0.00 0.00
36 0.00 0.00 0.00 13.00 0.00 200.00 30.77 0.00 0.15 0.10
