0 0.00 0.46 0.15 3.99 2.66 94.77 47.16 0.01 3.21 0.04
1 0.00 0.00 0.00 3.00 0.00 12.00 8.00 0.00 0.00 0.00
2 0.00 0.00 0.00 15.00 0.00 76.00 10.13 0.00 0.00 0.00
3 0.00 0.00 0.00 3.00 0.00 12.00 8.00 0.00 0.00 0.00
4 0.00 0.00 0.00 0.00 0.00 0.00 0.00 0.00 0.00 0.00
5 0.00 0.00 0.00 3.00 0.00 8.00 5.33 0.00 0.00 0.00
6 0.00 0.00 0.00 3.00 0.00 8.00 5.33 0.00 0.33 0.10
7 0.00 2.00 0.00 49.00 0.00 504.00 20.57 0.02 0.45 0.30
8 0.00 0.00 0.00 0.00 0.00 0.00 0.00 0.00 0.00 0.00
9 0.00 0.00 0.00 9.00 0.00 56.00 12.44 0.00 0.11 0.10
10 0.00 0.00 0.00 0.00 0.00 0.00 0.00 0.00 0.00 0.00
11 0.00 0.00 0.00 0.00 0.00 0.00 0.00 0.00 0.00 0.00
12 0.00 0.00 0.00 8.00 0.00 44.00 11.00 0.00 0.00 0.00
13 0.00 0.00 0.00 0.00 0.00 0.00 0.00 0.00 0.00 0.00
14 0.00 0.00 0.00 3.00 0.00 16.00 10.67 0.00 0.00 0.00
15 0.00 0.00 0.00 0.00 0.00 0.00 0.00 0.00 0.00 0.00
16 0.00 0.00 0.00 3.00 0.00 12.00 8.00 0.00 0.00 0.00
17 0.00 0.00 0.00 9.00 0.00 116.00 25.78 0.00 0.00 0.00
18 0.00 0.00 0.00 3.00 0.00 16.00 10.67 0.00 0.00 0.00
19 0.00 0.00 0.00 0.00 0.00 0.00 0.00 0.00 0.00 0.00
20 0.00 0.00 0.00 0.00 0.00 0.00 0.00 0.00 0.00 0.00
21 0.00 0.00 0.00 4.00 0.00 20.00 10.00 0.00 0.00 0.00
22 0.00 0.00 0.00 2.00 0.00 24.00 24.00 0.00 0.00 0.00
23 0.00 0.00 0.00 3.00 0.00 20.00 13.33 0.00 0.33 0.10
24 0.00 0.00 0.00 0.00 0.00 0.00 0.00 0.00 0.00 0.00
25 0.00 0.00 0.00 7.00 0.00 60.00 17.14 0.00 0.14 0.10
26 0.00 57.00 0.00 255.00 0.00 70920.00 556.24 8.28 32.48 14.30
27 0.00 0.00 0.00 57.00 0.00 744.00 26.11 0.00 0.04 0.10
28 0.00 0.00 0.00 0.00 0.00 0.00 0.00 0.00 0.00 0.00
29 0.00 0.00 0.00 22.00 0.00 312.00 28.36 0.00 0.09 0.10
30 0.00 0.00 0.00 25.00 0.00 332.00 26.56 0.01 0.24 0.30
31 0.00 0.00 0.00 80.00 0.00 7848.00 196.20 0.10 1.23 1.80
32 0.00 0.00 0.00 20.00 0.00 196.00 19.60 0.00 0.00 0.00
33 0.00 0.00 0.00 0.00 0.00 0.00 0.00 0.00 0.00 0.00
34 0.00 0.00 0.00 3.00 0.00 28.00 18.67 0.00 0.00 0.00
35 0.00 0.00 0.00 3.00 0.00 28.00 18.67 0.00 0.00 0.00
36 0.00 0.00 0.00 9.00 0.00 108.00 24.00 0.00 0.11 0.10
37 0.00 20.00 0.00 67.00 0.00 936.00 27.94 0.04 0.67 0.20
38 0.00 0.00 0.00 3.00 0.00 16.00 10.67 0.00 0.00 0.00
39 0.00 1.00 0.00 24.00 0.00 388.00 32.33 0.01 0.33 0.10
