0 0.00 0.52 0.15 3.95 2.88 93.88 47.27 0.01 3.25 0.04
1 0.00 0.00 0.00 3.00 0.00 20.00 13.33 0.00 0.00 0.00
2 0.00 0.00 0.00 3.00 0.00 8.00 5.33 0.00 0.00 0.00
3 0.00 0.00 0.00 0.00 0.00 0.00 0.00 0.00 0.00 0.00
4 0.00 0.00 0.00 14.00 0.00 104.00 14.86 0.00 0.00 0.00
5 0.00 0.00 0.00 0.00 0.00 0.00 0.00 0.00 0.00 0.00
6 0.00 0.00 0.00 3.00 0.00 8.00 5.33 0.00 0.33 0.10
7 0.00 0.00 0.00 0.00 0.00 0.00 0.00 0.00 0.00 0.00
8 0.00 0.00 0.00 3.00 0.00 8.00 5.33 0.00 0.00 0.00
9 0.00 0.00 0.00 5.00 0.00 60.00 24.00 0.00 0.00 0.00
10 0.00 0.00 0.00 0.00 0.00 0.00 0.00 0.00 0.00 0.00
11 0.00 0.00 0.00 3.00 0.00 12.00 8.00 0.00 0.33 0.10
12 0.00 0.00 0.00 0.00 0.00 0.00 0.00 0.00 0.00 0.00
13 0.00 0.00 0.00 3.00 0.00 8.00 5.33 0.00 0.00 0.00
14 0.00 0.00 0.00 24.00 0.00 116.00 9.67 0.00 0.04 0.10
15 0.00 0.00 0.00 3.00 0.00 16.00 10.67 0.00 0.33 0.10
16 0.00 0.00 0.00 0.00 0.00 0.00 0.00 0.00 0.00 0.00
17 0.00 8.00 0.00 39.00 0.00 476.00 24.41 0.03 0.69 0.20
18 0.00 0.00 0.00 0.00 0.00 0.00 0.00 0.00 0.00 0.00
19 0.00 0.00 0.00 12.00 0.00 168.00 28.00 0.00 0.00 0.00
20 0.00 0.00 0.00 3.00 0.00 16.00 10.67 0.00 0.00 0.00
21 0.00 0.00 0.00 0.00 0.00 0.00 0.00 0.00 0.00 0.00
22 0.00 0.00 0.00 3.00 0.00 20.00 13.33 0.00 0.33 0.10
23 0.00 0.00 0.00 0.00 0.00 0.00 0.00 0.00 0.00 0.00
24 0.00 0.00 0.00 11.00 0.00 184.00 33.45 0.00 0.00 0.00
25 0.00 0.00 0.00 0.00 0.00 0.00 0.00 0.00 0.00 0.00
26 0.00 42.00 0.00 261.00 0.00 70872.00 543.08 8.71 33.39 14.20
27 0.00 0.00 0.00 2.00 0.00 24.00 24.00 0.00 0.00 0.00
28 0.00 0.00 0.00 15.00 0.00 204.00 27.20 0.00 0.27 0.10
29 0.00 0.00 0.00 0.00 0.00 0.00 0.00 0.00 0.00 0.00
30 0.00 0.00 0.00 30.00 0.00 420.00 28.00 0.01 0.20 0.20
31 0.00 0.00 0.00 20.00 0.00 7056.00 705.60 0.10 4.90 1.40
32 0.00 0.00 0.00 32.00 0.00 412.00 25.75 0.01 0.19 0.20
33 0.00 0.00 0.00 7.00 0.00 92.00 26.29 0.00 0.29 0.10
34 0.00 0.00 0.00 2.00 0.00 12.00 12.00 0.00 0.00 0.00
35 0.00 0.00 0.00 3.00 0.00 24.00 16.00 0.00 0.00 0.00
36 0.00 0.00 0.00 0.00 0.00 0.00 0.00 0.00 0.00 0.00
37 0.00 0.00 0.00 7.00 0.00 92.00 26.29 0.00 0.00 0.00
