0 0.70 1.38 0.00
1 0.42 0.42 0.00
2 155.98 2.27 0.00
3 1.10 2.07 0.00
4 0.19 0.19 0.00
5 157.67 4.17 0.00
6 2.80 4.71 0.00
7 0.18 0.18 0.00
8 156.74 3.11 0.00
9 1.05 1.55 0.00
10 0.11 0.11 0.00
11 158.93 5.27 0.00
12 0.81 1.91 0.00
13 0.24 0.24 0.00
14 157.67 4.17 0.00
15 2.03 2.08 0.00
16 0.54 0.54 0.00
17 156.84 3.11 0.00
18 0.70 1.38 0.00
19 0.29 0.29 0.00
20 158.14 4.59 0.00
21 1.29 3.36 0.00
22 0.06 0.06 0.00
23 158.55 4.85 0.00
24 0.81 1.91 0.00
25 0.31 0.31 0.00
26 156.84 3.11 0.00
27 39.44 28.01 0.00
28 0.11 0.11 0.00
29 158.05 4.59 0.00
30 37.66 52.57 0.00
31 0.37 0.37 0.00
32 155.79 2.07 0.00
33 42.32 58.25 0.00
34 159.50 5.89 0.00
35 41.56 54.70 0.00
36 0.29 0.29 0.00
37 156.17 2.48 0.00
38 39.55 57.49 0.00
39 0.88 0.88 0.00
40 157.67 4.17 0.00
41 20132.70 315.56 0.00
42 0.18 0.18 0.00
43 158.62 5.22 0.00
44 30030.76 422.22 0.00
45 0.73 0.73 0.00
46 157.06 3.16 0.00
47 30080.50 406.83 0.00
48 0.63 0.63 0.00
49 157.67 4.17 0.00
50 37.40 48.90 0.00
51 0.13 0.13 0.00
52 157.67 4.17 0.00
53 61.34 50.43 0.00
54 0.29 0.29 0.00
55 157.12 3.53 0.00
56 39.75 53.37 0.00
57 0.19 0.19 0.00
58 1869.01 6.14 0.00
59 100.53 82.75 0.00
60 653.83 653.83 0.00
61 155.79 2.07 0.00
62 104.86 82.65 0.00
63 651.76 651.76 0.00
64 158.80 5.43 0.00
65 110.58 93.79 0.00
66 0.37 0.37 0.00
67 155.79 2.07 0.00
68 230.85 155.12 0.00
69 158.74 5.06 0.00
70 284.24 317.72 0.00
71 0.29 0.29 0.00
72 158.80 5.43 0.00
73 567.26 488.56 0.00
74 0.67 0.67 0.00
75 1.50 1.20 0.00
76 882.30 874.81 0.00
77 1.46 1.46 0.00
78 157.86 4.38 0.00
79 1340.12 1248.83 0.00
80 0.11 0.11 0.00
81 159.69 6.10 0.00
82 755.14 721.89 0.00
83 185.30 185.30 0.00
84 155.79 2.07 0.00
85 689.81 799.89 0.00
86 320.20 320.20 0.00
87 157.86 4.38 0.00
88 141.18 137.12 0.00
89 45.55 45.55 0.00
90 156.93 3.32 0.00
91 8.57 31.10 0.00
92 0.21 0.21 0.00
93 158.55 4.85 0.00
94 0.94 3.19 0.00
95 0.18 0.18 0.00
96 155.79 2.07 0.00
97 1.00 1.55 0.00
98 0.11 0.11 0.00
99 158.99 5.64 0.00
100 0.81 1.91 0.00
101 0.24 0.24 0.00
102 157.67 4.17 0.00
103 5.16 5.89 0.00
