0 0.79 1.04 0.00
1 1866.97 3.95 0.00
2 0.53 1.26 0.00
3 0.19 0.19 0.00
4 158.08 4.63 0.00
5 0.89 1.57 0.00
6 0.11 0.11 0.00
7 156.14 2.45 0.00
8 0.42 0.74 0.00
9 158.68 5.09 0.00
10 0.89 1.57 0.00
11 0.60 0.60 0.00
12 157.89 4.31 0.00
13 2.57 2.86 0.00
14 0.11 0.11 0.00
15 156.61 2.98 0.00
16 5.23 10.46 0.00
17 157.52 3.89 0.00
18 1.40 1.26 0.00
19 0.19 0.19 0.00
20 159.32 5.68 0.00
21 0.95 1.57 0.00
22 0.05 0.05 0.00
23 156.08 2.27 0.00
24 0.68 3.30 0.00
25 0.05 0.05 0.00
26 157.89 4.42 0.00
27 39.39 28.17 0.00
28 0.06 0.06 0.00
29 158.43 4.89 0.00
30 38.15 58.70 0.00
31 0.05 0.05 0.00
32 156.78 2.83 0.00
33 34.96 49.10 0.00
34 0.05 0.05 0.00
35 158.14 4.48 0.00
36 13.90 13.68 0.00
37 0.06 0.06 0.00
38 156.55 2.78 0.00
39 39.15 56.85 0.00
40 0.87 0.87 0.00
41 157.86 4.38 0.00
42 17416.73 222.76 0.00
43 0.59 0.59 0.00
44 156.17 2.48 0.00
45 30004.16 307.23 0.00
46 0.06 0.06 0.00
47 159.31 5.68 0.00
48 30040.63 299.65 0.00
49 0.05 0.05 0.00
50 155.98 2.27 0.00
51 2854.06 77.24 0.00
52 0.05 0.05 0.00
53 158.05 4.59 0.00
54 37.59 55.02 0.00
55 0.06 0.06 0.00
56 156.55 2.90 0.00
57 66.44 129.09 0.00
58 0.18 0.18 0.00
59 158.74 5.06 0.00
60 49.85 61.21 0.00
61 656.35 656.35 0.00
62 1866.72 3.77 0.00
63 102.24 97.43 0.00
64 650.93 650.93 0.00
65 158.24 4.80 0.00
66 85.75 54.29 0.00
67 0.05 0.05 0.00
68 155.98 2.27 0.00
69 232.67 147.50 0.00
70 0.05 0.05 0.00
71 159.12 5.47 0.00
72 177.89 308.49 0.00
73 0.72 0.72 0.00
74 156.67 4.75 0.00
75 476.45 273.78 0.00
76 0.66 0.66 0.00
77 155.98 2.27 0.00
78 1081.31 1088.01 0.00
79 0.66 0.66 0.00
80 158.24 4.80 0.00
81 1026.01 963.78 0.00
82 0.06 0.06 0.00
83 159.12 5.47 0.00
84 491.38 417.30 0.00
85 5.71 5.71 0.00
86 155.98 2.27 0.00
87 958.53 1037.00 0.00
88 275.53 275.53 0.00
89 158.24 5.04 0.00
90 539.83 729.18 0.00
91 271.51 271.51 0.00
92 156.36 2.69 0.00
93 11.29 32.19 0.00
94 0.21 0.21 0.00
95 158.74 5.06 0.00
96 4.60 6.23 0.00
97 0.05 0.05 0.00
