0 0.53 1.25 0.00
1 0.11 0.11 0.00
2 1867.94 5.38 0.00
3 0.61 1.39 0.00
4 0.05 0.05 0.00
5 156.26 2.59 0.00
6 0.42 0.72 0.00
7 0.88 0.88 0.00
8 158.15 4.69 0.00
9 1.48 1.39 0.00
10 0.24 0.24 0.00
11 158.93 5.27 0.00
12 0.58 1.25 0.00
13 0.18 0.18 0.00
14 155.79 2.07 0.00
15 0.56 0.86 0.00
16 0.13 0.13 0.00
17 158.71 5.22 0.00
18 0.53 1.25 0.00
19 0.11 0.11 0.00
20 158.14 4.59 0.00
21 0.67 1.39 0.00
22 0.05 0.05 0.00
23 156.68 2.74 0.00
24 0.68 3.29 0.00
25 0.13 0.13 0.00
26 158.71 5.22 0.00
27 38.92 27.92 0.00
28 0.11 0.11 0.00
29 156.17 2.48 0.00
30 29.04 40.77 0.00
31 0.05 0.05 0.00
32 157.67 4.17 0.00
33 13.64 21.11 0.00
34 157.63 3.78 0.00
35 42.48 51.48 0.00
36 0.73 0.73 0.00
37 158.05 4.59 0.00
38 39.47 57.92 0.00
39 1.26 1.26 0.00
40 155.79 2.07 0.00
41 5248.55 112.89 0.00
42 0.13 0.13 0.00
43 158.62 5.22 0.00
44 30028.82 306.53 0.00
45 0.24 0.24 0.00
46 157.06 3.16 0.00
47 30012.48 353.17 0.00
48 0.18 0.18 0.00
49 157.67 4.17 0.00
50 15018.42 192.87 0.00
51 158.62 5.22 0.00
52 42.14 53.49 0.00
53 0.11 0.11 0.00
54 156.17 2.48 0.00
55 63.77 53.96 0.00
56 0.18 0.18 0.00
57 158.55 4.85 0.00
58 42.11 46.23 0.00
59 645.07 645.07 0.00
60 1869.17 6.74 0.00
61 32.85 59.92 0.00
62 0.74 0.74 0.00
63 155.98 2.27 0.00
64 73.63 38.01 0.00
65 0.05 0.05 0.00
66 157.67 4.17 0.00
67 149.16 113.87 0.00
68 0.67 0.67 0.00
69 157.72 3.99 0.00
70 100.76 90.19 0.00
71 1.03 1.03 0.00
72 157.95 4.38 0.00
73 259.64 287.11 0.00
74 0.18 0.18 0.00
75 155.54 1.95 0.00
76 694.46 609.83 0.00
77 156.93 3.32 0.00
78 806.50 535.67 0.00
79 0.11 0.11 0.00
80 158.65 5.06 0.00
81 163.06 388.21 0.00
82 5.84 5.84 0.00
83 157.76 4.17 0.00
84 925.45 999.42 0.00
85 264.80 264.80 0.00
86 156.93 3.32 0.00
87 805.64 507.50 0.00
88 0.34 0.34 0.00
89 159.98 6.61 0.00
90 8.42 30.60 0.00
91 0.21 0.21 0.00
92 156.34 2.62 0.00
93 0.55 2.41 0.00
94 157.02 3.32 0.00
95 0.61 1.39 0.00
96 0.99 0.99 0.00
97 157.86 4.38 0.00
98 4.13 4.20 0.00
99 0.31 0.31 0.00
