0 16.52 13.15 0.00
1 155.79 2.06 0.00
2 10.54 8.91 0.00
3 0.73 0.73 0.00
4 1868.22 5.35 0.00
5 4.40 1.43 0.00
6 0.11 0.11 0.00
7 156.93 3.32 0.00
8 6.66 1.84 0.00
9 1.09 1.09 0.00
10 158.55 4.85 0.00
11 7.36 2.13 0.00
12 0.06 0.06 0.00
13 157.86 4.38 0.00
14 4.33 2.22 0.00
15 1.30 1.30 0.00
16 156.93 3.32 0.00
17 27.51 15.15 0.00
18 157.76 4.17 0.00
19 4.85 2.33 0.00
20 0.06 0.06 0.00
21 156.87 2.95 0.00
22 4.33 2.51 0.00
23 0.11 0.11 0.00
24 158.90 5.43 0.00
25 10.70 3.31 0.00
26 155.79 2.06 0.00
27 8.43 10.45 0.00
28 0.88 0.88 0.00
29 157.95 4.38 0.00
30 124.73 194.41 0.00
31 130.84 130.84 0.00
32 159.69 6.10 0.00
33 208.78 197.56 0.00
34 195.61 195.61 0.00
35 155.79 2.06 0.00
36 216.48 274.72 0.00
37 211.06 211.06 0.00
38 157.86 4.38 0.00
39 224.08 247.77 0.00
40 211.20 211.20 0.00
41 156.93 3.32 0.00
42 263.08 458.92 0.00
43 285.94 285.94 0.00
44 158.55 4.85 0.00
45 1417.59 114114.65 0.00
46 214.51 214.51 0.00
47 156.14 2.45 0.00
48 1515.27 120191.10 0.00
49 214.82 214.82 0.00
50 158.65 5.25 0.00
51 1113.23 86762.81 0.00
52 182.94 182.94 0.00
53 157.67 4.17 0.00
54 126.29 162.40 0.00
55 117.97 117.97 0.00
56 156.87 2.95 0.00
57 155.31 209.53 0.00
58 154.35 154.35 0.00
59 158.80 5.43 0.00
60 217.45 266.26 0.00
61 197.69 197.69 0.00
62 1866.34 3.29 0.00
63 307.63 412.49 0.00
64 212.07 212.07 0.00
65 157.67 4.17 0.00
66 303.91 474.67 0.00
67 215.00 215.00 0.00
68 159.60 6.10 0.00
69 476.24 701.82 0.00
70 215.01 215.01 0.00
71 156.08 2.27 0.00
72 496.31 685.30 0.00
73 215.66 215.66 0.00
74 157.67 4.17 0.00
75 348.70 583.78 0.00
76 215.53 215.53 0.00
77 156.93 3.32 0.00
78 392.20 576.57 0.00
79 215.16 215.16 0.00
80 158.65 5.05 0.00
81 591.39 836.68 0.00
82 219.34 219.34 0.00
83 155.89 2.06 0.00
84 514.85 985.18 0.00
85 208.25 208.25 0.00
86 158.80 5.43 0.00
87 223.57 235.39 0.00
88 170.72 170.72 0.00
89 155.98 2.27 0.00
90 397.44 373.20 0.00
91 123.72 123.72 0.00
92 158.46 4.85 0.00
93 226.83 206.15 0.00
94 209.63 209.63 0.00
