0 0.63 1.78 0.00
1 0.31 0.31 0.00
2 1868.82 6.18 0.00
3 0.50 0.86 0.00
4 0.06 0.06 0.00
5 156.90 2.98 0.00
6 0.42 0.72 0.00
7 0.18 0.18 0.00
8 157.51 4.00 0.00
9 0.84 3.20 0.00
10 0.05 0.05 0.00
11 156.58 2.93 0.00
12 0.48 0.79 0.00
13 0.19 0.19 0.00
14 157.89 4.42 0.00
15 0.50 0.86 0.00
16 0.18 0.18 0.00
17 158.50 4.67 0.00
18 0.69 1.78 0.00
19 0.05 0.05 0.00
20 156.58 2.93 0.00
21 0.50 0.86 0.00
22 0.06 0.06 0.00
23 157.99 4.42 0.00
24 0.61 2.01 0.00
25 0.05 0.05 0.00
26 155.64 1.89 0.00
27 1.65 1.96 0.00
28 0.80 0.80 0.00
29 159.44 5.72 0.00
30 38.73 27.00 0.00
31 0.32 0.32 0.00
32 156.02 2.31 0.00
33 37.35 51.59 0.00
34 0.18 0.18 0.00
35 157.51 4.00 0.00
36 41.95 57.95 0.00
37 0.31 0.31 0.00
38 158.46 5.04 0.00
39 41.85 54.82 0.00
40 0.06 0.06 0.00
41 156.90 2.98 0.00
42 90.75 56.22 0.00
43 0.87 0.87 0.00
44 157.51 4.00 0.00
45 24456.21 344.97 0.00
46 0.05 0.05 0.00
47 158.46 5.04 0.00
48 30032.71 440.63 0.00
49 0.19 0.19 0.00
50 156.02 2.31 0.00
51 25698.35 317.96 0.00
52 0.05 0.05 0.00
53 158.40 4.67 0.00
54 41.92 55.17 0.00
55 0.05 0.05 0.00
56 155.64 1.89 0.00
57 63.47 53.09 0.00
58 0.73 0.73 0.00
59 158.84 5.46 0.00
60 48.59 53.37 0.00
61 0.05 0.05 0.00
62 1866.19 3.18 0.00
63 81.00 78.74 0.00
64 650.60 650.60 0.00
65 158.40 4.67 0.00
66 94.04 74.90 0.00
67 429.67 429.67 0.00
68 158.65 5.25 0.00
69 161.94 130.22 0.00
70 0.05 0.05 0.00
71 155.64 1.89 0.00
72 128.11 108.13 0.00
73 0.36 0.36 0.00
74 157.70 4.21 0.00
75 293.04 269.85 0.00
76 0.19 0.19 0.00
77 159.54 5.93 0.00
78 783.09 658.77 0.00
79 0.46 0.46 0.00
80 155.64 1.89 0.00
81 531.08 594.43 0.00
82 0.46 0.46 0.00
83 157.70 4.21 0.00
84 1190.76 1094.59 0.00
85 0.06 0.06 0.00
86 156.77 3.14 0.00
87 902.70 849.23 0.00
88 269.20 269.20 0.00
89 158.40 4.67 0.00
90 624.64 772.37 0.00
91 181.83 181.83 0.00
92 155.83 2.10 0.00
93 92.62 122.17 0.00
94 0.73 0.73 0.00
95 158.65 5.25 0.00
96 8.27 29.08 0.00
97 0.21 0.21 0.00
98 157.51 4.00 0.00
99 0.84 3.20 0.00
100 0.05 0.05 0.00
