procs -----------memory---------- ---swap-- -----io---- -system-- ------cpu-----
 r  b   swpd   free   buff  cache   si   so    bi    bo   in   cs us sy id wa st
 2  0      0 319402400 288248 177946720    0    0     0    15    0    0  0  0 100  0  0
 0  0      0 319400448 288248 177946720    0    0     0     0 1501 2348  0  0 100  0  0
 0  0      0 319400288 288248 177946752    0    0     0     0 1504 2607  0  0 100  0  0
 0  0      0 319399488 288248 177946752    0    0     0     0 1330 2489  0  0 100  0  0
 0  0      0 319399488 288248 177946752    0    0     0    16 1342 2437  0  0 100  0  0
 0  0      0 319399488 288248 177946784    0    0     0     0 1428 2467  0  0 100  0  0
 0  0      0 319399488 288248 177946784    0    0     0     0 1603 2630  0  0 100  0  0
 1  0      0 319399584 288248 177946784    0    0     0     0 2485 3046  0  0 100  0  0
 1  0      0 319399456 288248 177946816    0    0     0     0 2535 3109  0  0 100  0  0
 1  0      0 319399424 288248 177946832    0    0     0    12 2670 3133  0  0 100  0  0
 1  0      0 319399424 288248 177946848    0    0     0     0 2598 3112  0  0 100  0  0
 1  0      0 319399456 288248 177946848    0    0     0     0 2891 3144  0  0 100  0  0
 0  0      0 319399424 288248 177946848    0    0     0    44 2361 2971  0  0 100  0  0
 0  0      0 319399840 288248 177946880    0    0     0   212 1430 2537  0  0 100  0  0
 0  0      0 319399744 288248 177946880    0    0     0    12 2877 3322  0  0 100  0  0
 0  0      0 319399680 288248 177946896    0    0     0     0 2673 3047  0  0 100  0  0
 0  0      0 319399680 288248 177946896    0    0     0     0 2465 2898  0  0 100  0  0
 0  0      0 319399680 288248 177946896    0    0     0    24 3359 3400  0  0 100  0  0
 0  0      0 319399680 288248 177946928    0    0     0     0 3040 3632  0  0 100  0  0
 0  0      0 319399744 288248 177946944    0    0     0    12 1367 2443  0  0 100  0  0
 0  0      0 319399616 288248 177946944    0    0     0     0 1343 2382  0  0 100  0  0
procs -----------memory---------- ---swap-- -----io---- -system-- ------cpu-----
 r  b   swpd   free   buff  cache   si   so    bi    bo   in   cs us sy id wa st
 5  0      0 319399552 288248 177946944    0    0     0     0 2894 3100  0  0 100  0  0
 0  0      0 319399552 288248 177946944    0    0     0     0 3630 3587  0  0 100  0  0
 0  0      0 319399968 288248 177946992    0    0     0     0 1857 2768  0  0 100  0  0
 0  0      0 319399968 288248 177946992    0    0     0    12 1522 2505  0  0 100  0  0
 0  0      0 319399968 288248 177946992    0    0     0     0 3348 3384  0  0 100  0  0
 0  0      0 319399968 288248 177947024    0    0     0     0 3425 3511  0  0 100  0  0
 0  0      0 319399936 288248 177947024    0    0     0    20 2727 3091  0  0 100  0  0
 0  0      0 319399936 288248 177947024    0    0     0    16 1407 2468  0  0 100  0  0
 0  0      0 319400064 288248 177947040    0    0     0    12 1297 2475  0  0 100  0  0
 0  0      0 319400096 288248 177947072    0    0     0     0 1490 2540  0  0 100  0  0
 0  0      0 319400224 288248 177947072    0    0     0     0 1285 2383  0  0 100  0  0
 0  0      0 319400256 288248 177947072    0    0     0   384 1454 2430  0  0 100  0  0
 0  0      0 319400128 288248 177947104    0    0     0     0 1308 2480  0  0 100  0  0
 0  0      0 319400128 288248 177947104    0    0     0    16 1565 2644  0  0 100  0  0
 0  0      0 319400128 288248 177947104    0    0     0     0 1334 2429  0  0 100  0  0
 0  0      0 319400384 288248 177947136    0    0     0     0 1388 2377  0  0 100  0  0
 0  0      0 319400384 288248 177947136    0    0     0     0 1273 2356  0  0 100  0  0
 0  0      0 319400480 288248 177947136    0    0     0     0 1570 2720  0  0 100  0  0
 1  0      0 319400352 288248 177947168    0    0     0    12 1340 2477  0  0 100  0  0
 1  0      0 319400352 288248 177947168    0    0     0     0 1292 2360  0  0 100  0  0
 1  0      0 319400352 288248 177947168    0    0     0     0 1359 2403  0  0 100  0  0
procs -----------memory---------- ---swap-- -----io---- -system-- ------cpu-----
 r  b   swpd   free   buff  cache   si   so    bi    bo   in   cs us sy id wa st
 0  0      0 319400352 288248 177947168    0    0     0    44 1464 2549  0  0 100  0  0
 0  0      0 319400480 288248 177947216    0    0     0   104 1443 2585  0  0 100  0  0
 0  0      0 319400416 288248 177947232    0    0     0    12 1357 2480  0  0 100  0  0
 0  0      0 319400416 288248 177947232    0    0     0     0 1377 2430  0  0 100  0  0
 0  0      0 319400416 288248 177947232    0    0     0     0 1437 2521  0  0 100  0  0
 0  0      0 319400416 288248 177947232    0    0     0    32 1409 2477  0  0 100  0  0
 1  0      0 319400416 288248 177947232    0    0     0     0 1350 2473  0  0 100  0  0
 0  0      0 319400416 288248 177947280    0    0     0    16 1364 2525  0  0 100  0  0
 0  0      0 319400416 288252 177947296    0    0     0    36 1451 2594  0  0 100  0  0
 0  0      0 319400416 288252 177947328    0    0     0     0 1324 2350  0  0 100  0  0
 0  0      0 319400416 288252 177947328    0    0     0     0 1345 2399  0  0 100  0  0
 0  0      0 319400544 288252 177947344    0    0     0     0 1353 2468  0  0 100  0  0
 0  0      0 319400544 288252 177947344    0    0     0    12 1492 2678  0  0 100  0  0
 0  0      0 319400544 288252 177947344    0    0     0     0 1342 2362  0  0 100  0  0
 0  0      0 319400544 288252 177947344    0    0     0     0 1326 2334  0  0 100  0  0
 0  0      0 319400544 288252 177947344    0    0     0    12 1428 2446  0  0 100  0  0
 0  0      0 319400416 288252 177947392    0    0     0     0 1549 2680  0  0 100  0  0
 0  0      0 319400416 288252 177947408    0    0     0    16 1473 2531  0  0 100  0  0
 0  0      0 319400416 288252 177947408    0    0     0     0 1293 2357  0  0 100  0  0
 0  0      0 319400416 288252 177947424    0    0     0     0 1296 2343  0  0 100  0  0
 0  0      0 319400416 288252 177947424    0    0     0     0 1531 2672  0  0 100  0  0
procs -----------memory---------- ---swap-- -----io---- -system-- ------cpu-----
 r  b   swpd   free   buff  cache   si   so    bi    bo   in   cs us sy id wa st
 0  0      0 319400416 288252 177947456    0    0     0     0 1329 2477  0  0 100  0  0
 0  0      0 319400416 288252 177947456    0    0     0    12 1378 2495  0  0 100  0  0
 0  0      0 319400416 288252 177947472    0    0     0     0 1373 2416  0  0 100  0  0
 1  0      0 319400672 288252 177947488    0    0     0     0 1398 2503  0  0 100  0  0
 0  0      0 319400672 288252 177947488    0    0     0   416 1383 2407  0  0 100  0  0
 1  0      0 319400672 288252 177947504    0    0     0     0 1384 2469  0  0 100  0  0
 0  0      0 319400672 288252 177947504    0    0     0    12 1417 2510  0  0 100  0  0
 0  0      0 319400672 288252 177947504    0    0     0     0 1441 2542  0  0 100  0  0
 0  0      0 319400672 288252 177947504    0    0     0     0 1326 2348  0  0 100  0  0
 0  0      0 319400672 288252 177947504    0    0     0    40 1371 2403  0  0 100  0  0
 0  0      0 319400672 288252 177947504    0    0     0   196 1331 2459  0  0 100  0  0
 0  0      0 319400544 288252 177947568    0    0     0    12 1522 2725  0  0 100  0  0
 0  0      0 319400544 288252 177947584    0    0     0     0 1422 2428  0  0 100  0  0
 0  0      0 319400544 288252 177947600    0    0     0     0 1280 2292  0  0 100  0  0
 0  0      0 319400544 288252 177947600    0    0     0    36 1405 2482  0  0 100  0  0
 1  0      0 319400544 288252 177947600    0    0     0     0 1469 2631  0  0 100  0  0
 0  0      0 319400544 288252 177947600    0    0     0    16 1341 2459  0  0 100  0  0
 0  0      0 319400672 288252 177947600    0    0     0    20 1351 2374  0  0 100  0  0
 0  0      0 319400672 288260 177947584    0    0     0    40 1322 2342  0  0 100  0  0
 0  0      0 319400672 288260 177947584    0    0     0     0 1467 2594  0  0 100  0  0
 0  0      0 319400416 288260 177947680    0    0     0     0 1396 2531  0  0 100  0  0
procs -----------memory---------- ---swap-- -----io---- -system-- ------cpu-----
 r  b   swpd   free   buff  cache   si   so    bi    bo   in   cs us sy id wa st
 0  0      0 319400544 288260 177947712    0    0     0    12 1361 2518  0  0 100  0  0
 0  0      0 319400672 288260 177947696    0    0     0     0 1357 2389  0  0 100  0  0
 0  0      0 319400672 288260 177947712    0    0     0     0 1435 2564  0  0 100  0  0
 0  0      0 319400672 288260 177947744    0    0     0    12 1374 2438  0  0 100  0  0
 0  0      0 319400800 288260 177947744    0    0     0    16 1366 2488  0  0 100  0  0
 0  0      0 319400800 288260 177947744    0    0     0    12 1375 2504  0  0 100  0  0
 0  0      0 319400800 288260 177947744    0    0     0     0 1432 2544  0  0 100  0  0
 0  0      0 319400800 288260 177947776    0    0     0     0 1317 2327  0  0 100  0  0
 0  0      0 319400672 288260 177947792    0    0     0     0 1395 2484  0  0 100  0  0
 0  0      0 319400672 288260 177947792    0    0     0     0 1322 2466  0  0 100  0  0
 0  0      0 319400672 288260 177947792    0    0     0    12 1483 2657  0  0 100  0  0
 0  0      0 319400672 288260 177947792    0    0     0     0 1339 2396  0  0 100  0  0
 0  0      0 319400672 288260 177947824    0    0     0     0 1345 2351  0  0 100  0  0
 0  0      0 319400672 288260 177947856    0    0     0     0 1346 2400  0  0 100  0  0
 0  0      0 319400672 288260 177947856    0    0     0     0 1514 2716  0  0 100  0  0
 0  0      0 319400672 288260 177947856    0    0     0    12 1346 2444  0  0 100  0  0
 0  0      0 319400544 288260 177947872    0    0     0     0 1307 2372  0  0 100  0  0
 0  0      0 319400544 288260 177947872    0    0     0     0 1336 2371  0  0 100  0  0
 0  0      0 319400544 288260 177947904    0    0     0   444 1470 2605  0  0 100  0  0
 0  0      0 319400672 288260 177947904    0    0     0   116 1397 2558  0  0 100  0  0
 1  0      0 319400672 288260 177947904    0    0     0    12 1370 2451  0  0 100  0  0
procs -----------memory---------- ---swap-- -----io---- -system-- ------cpu-----
 r  b   swpd   free   buff  cache   si   so    bi    bo   in   cs us sy id wa st
 0  0      0 319400672 288260 177947936    0    0     0     0 1398 2402  0  0 100  0  0
 0  0      0 319400672 288260 177947936    0    0     0     0 1417 2494  0  0 100  0  0
 0  0      0 319400544 288260 177947968    0    0     0    40 1421 2497  0  0 100  0  0
 0  0      0 319400544 288260 177947968    0    0     0     0 1338 2482  0  0 100  0  0
 0  0      0 319400544 288260 177947968    0    0     0    12 1340 2404  0  0 100  0  0
 0  0      0 319400448 288260 177948000    0    0     0     0 1469 2618  0  0 100  0  0
 0  0      0 319400448 288260 177948000    0    0     0    28 1284 2312  0  0 100  0  0
 0  0      0 319400384 288260 177948032    0    0     0     0 1359 2432  0  0 100  0  0
 0  0      0 319400384 288260 177948032    0    0     0     0 1398 2568  0  0 100  0  0
 0  0      0 319400384 288260 177948032    0    0     0    12 1477 2634  0  0 100  0  0
 0  0      0 319400448 288260 177948048    0    0     0     0 1374 2401  0  0 100  0  0
 0  0      0 319400448 288260 177948048    0    0     0     0 1306 2342  0  0 100  0  0
 0  0      0 319400448 288260 177948080    0    0     0    12 1335 2422  0  0 100  0  0
 0  0      0 319400448 288260 177948080    0    0     0     0 1462 2708  0  0 100  0  0
 0  0      0 319400448 288260 177948080    0    0     0    12 1420 2504  0  0 100  0  0
 0  0      0 319400800 288260 177948112    0    0     0     0 1314 2375  0  0 100  0  0
 0  0      0 319400800 288260 177948112    0    0     0     0 1296 2302  0  0 100  0  0
 0  0      0 319400544 288260 177948144    0    0     0     0 1488 2634  0  0 100  0  0
 0  0      0 319400544 288260 177948144    0    0     0     0 1382 2514  0  0 100  0  0
 0  0      0 319400544 288260 177948160    0    0     0    12 1318 2417  0  0 100  0  0
 0  0      0 319400544 288260 177948160    0    0     0     0 1399 2406  0  0 100  0  0
procs -----------memory---------- ---swap-- -----io---- -system-- ------cpu-----
 r  b   swpd   free   buff  cache   si   so    bi    bo   in   cs us sy id wa st
 0  0      0 319400544 288260 177948192    0    0     0     0 1433 2521  0  0 100  0  0
 0  0      0 319400672 288260 177948192    0    0     0     0 1395 2421  0  0 100  0  0
 0  0      0 319400672 288260 177948192    0    0     0     0 1385 2519  0  0 100  0  0
 1  0      0 319400672 288260 177948192    0    0     0    12 1320 2405  0  0 100  0  0
 0  0      0 319400672 288260 177948192    0    0     0     0 1438 2554  0  0 100  0  0
 0  0      0 319400672 288260 177948192    0    0     0     0 1302 2330  0  0 100  0  0
 5  0      0 319400672 288260 177948192    0    0     0    32 1363 2409  0  0 100  0  0
 0  0      0 319400672 288260 177948256    0    0     0    56 1356 2557  0  0 100  0  0
 0  0      0 319400672 288260 177948256    0    0     0    16 1458 2623  0  0 100  0  0
 0  0      0 319400544 288260 177948288    0    0     0     0 1363 2388  0  0 100  0  0
 0  0      0 319400544 288260 177948288    0    0     0     0 1286 2316  0  0 100  0  0
 0  0      0 319400544 288260 177948288    0    0     0   444 1433 2480  0  0 100  0  0
 0  0      0 319400544 288260 177948288    0    0     0     0 1505 2705  0  0 100  0  0
 0  0      0 319400416 288260 177948336    0    0     0    12 1363 2448  0  0 100  0  0
 0  0      0 319400416 288260 177948336    0    0     0     0 1320 2347  0  0 100  0  0
 0  0      0 319400416 288260 177948352    0    0     0     0 1328 2340  0  0 100  0  0
 0  0      0 319400416 288260 177948352    0    0     0     0 1463 2604  0  0 100  0  0
 0  0      0 319400544 288260 177948384    0    0     0     0 1346 2530  0  0 100  0  0
 0  0      0 319400544 288260 177948384    0    0     0    12 1320 2402  0  0 100  0  0
 0  0      0 319400416 288260 177948416    0    0     0     0 1354 2396  0  0 100  0  0
 0  0      0 319400416 288260 177948416    0    0     0     0 1426 2529  0  0 100  0  0
procs -----------memory---------- ---swap-- -----io---- -system-- ------cpu-----
 r  b   swpd   free   buff  cache   si   so    bi    bo   in   cs us sy id wa st
 0  0      0 319400416 288260 177948416    0    0     0    12 1358 2434  0  0 100  0  0
 1  0      0 319400320 288260 177948448    0    0     0    16 1370 2529  0  0 100  0  0
 0  0      0 319400320 288260 177948448    0    0     0    12 1370 2418  0  0 100  0  0
 0  0      0 319400320 288260 177948448    0    0     0     0 1417 2520  0  0 100  0  0
 0  0      0 319400320 288260 177948448    0    0     0     0 1316 2348  0  0 100  0  0
 0  0      0 319400416 288260 177948480    0    0     0     0 1429 2498  0  0 100  0  0
 0  0      0 319400320 288260 177948496    0    0     0     0 1348 2491  0  0 100  0  0
 0  0      0 319400320 288260 177948496    0    0     0    12 1462 2620  0  0 100  0  0
 0  0      0 319400320 288260 177948496    0    0     0     0 1331 2386  0  0 100  0  0
 0  0      0 319400320 288260 177948512    0    0     0     0 1282 2308  0  0 100  0  0
 0  0      0 319400320 288260 177948512    0    0     0     0 1337 2416  0  0 100  0  0
 0  0      0 319400320 288260 177948512    0    0     0     0 1495 2706  0  0 100  0  0
 2  0      0 319400320 288260 177948512    0    0     0    12 1327 2408  0  0 100  0  0
 0  0      0 319400320 288260 177948512    0    0     0     0 1325 2376  0  0 100  0  0
 0  0      0 319400320 288260 177948512    0    0     0     0 1304 2337  0  0 100  0  0
 2  0      0 319400192 288260 177948592    0    0     0    32 1475 2610  0  0 100  0  0
 0  0      0 319400192 288260 177948592    0    0     0     0 1353 2524  0  0 100  0  0
 0  0      0 319400192 288260 177948624    0    0     0    84 1404 2510  0  0 100  0  0
 0  0      0 319400320 288260 177948624    0    0     0     0 1374 2393  0  0 100  0  0
 0  0      0 319400320 288260 177948624    0    0     0     0 1436 2520  0  0 100  0  0
 0  0      0 319400320 288260 177948624    0    0     0    36 1374 2462  0  0 100  0  0
procs -----------memory---------- ---swap-- -----io---- -system-- ------cpu-----
 r  b   swpd   free   buff  cache   si   so    bi    bo   in   cs us sy id wa st
 0  0      0 319400416 288260 177948672    0    0     0     0 1384 2520  0  0 100  0  0
 1  0      0 319355648 288268 177996784    0    0     0 15588 33893 26407  0  0 99  0  0
 0  0      0 319354304 288268 177997328    0    0     0     0 1412 2524  0  0 100  0  0
 0  0      0 319349472 288268 178001248    0    0     0     0 1315 2376  0  0 100  0  0
 1  0      0 319342272 288268 178001264    0    0     0   428 2878 3353  0  0 100  0  0
