procs -----------memory---------- ---swap-- -----io---- -system-- ------cpu-----
 r  b   swpd   free   buff  cache   si   so    bi    bo   in   cs us sy id wa st
 2  0      0 102703904 115216 18825248    0    0     1     9    1    1  0  0 100  0  0
 0  0      0 102701576 115216 18825256    0    0     0    16 1534 2558  0  0 100  0  0
 0  0      0 102702320 115216 18825284    0    0     0    32 1458 2422  0  0 100  0  0
 0  0      0 102700736 115216 18825320    0    0     0     0 1392 2633  0  0 100  0  0
 0  0      0 102700736 115216 18825324    0    0     0     0 1420 2391  0  0 100  0  0
 2  0      0 102700736 115216 18825344    0    0     0     0 1337 2502  0  0 100  0  0
 1  0      0 102700864 115216 18825344    0    0     0    12 1459 2568  0  0 100  0  0
 1  0      0 102700832 115216 18825344    0    0     0    12 1391 2560  0  0 100  0  0
 1  0      0 102700976 115216 18825364    0    0     0     0 1468 2436  0  0 100  0  0
 0  0      0 102700976 115216 18825364    0    0     0     0 1304 2401  0  0 100  0  0
 0  0      0 102700976 115216 18825400    0    0     0     0 1401 2492  0  0 100  0  0
 0  0      0 102701104 115216 18825400    0    0     0    12 1500 2755  0  0 100  0  0
 1  0      0 102701104 115216 18825420    0    0     0    12 1360 2389  0  0 100  0  0
 0  0      0 102701104 115216 18825424    0    0     0     0 1352 2394  0  0 100  0  0
 1  0      0 102701104 115216 18825424    0    0     0     0 1390 2440  0  0 100  0  0
 0  0      0 102701104 115216 18825444    0    0     0     0 1490 2660  0  0 100  0  0
 0  0      0 102701104 115216 18825444    0    0     0    12 1414 2552  0  0 100  0  0
 0  0      0 102701264 115216 18825480    0    0     0     0 1405 2441  0  0 100  0  0
 0  0      0 102701136 115216 18825480    0    0     0     0 1410 2445  0  0 100  0  0
 0  0      0 102701136 115216 18825500    0    0     0     0 1448 2552  0  0 100  0  0
 1  0      0 102701136 115216 18825500    0    0     0     0 1388 2487  0  0 100  0  0
procs -----------memory---------- ---swap-- -----io---- -system-- ------cpu-----
 r  b   swpd   free   buff  cache   si   so    bi    bo   in   cs us sy id wa st
 0  0      0 102700896 115216 18825512    0    0     0    12 1364 2557  0  0 100  0  0
 0  0      0 102701016 115216 18825516    0    0     0     0 1360 2390  0  0 100  0  0
 0  0      0 102701264 115216 18825548    0    0     0     0 1492 2635  0  0 100  0  0
 0  0      0 102701264 115216 18825548    0    0     0   276 1379 2445  0  0 100  0  0
 0  0      0 102701264 115216 18825572    0    0     0     0 1358 2448  0  0 100  0  0
 0  0      0 102701264 115216 18825572    0    0     0    12 1390 2586  0  0 100  0  0
 1  0      0 102701392 115216 18825588    0    0     0    24 1530 2647  0  0 100  0  0
 1  0      0 102701264 115216 18825588    0    0     0     0 1339 2322  0  0 100  0  0
 0  0      0 102701264 115216 18825608    0    0     0     0 1349 2436  0  0 100  0  0
 0  0      0 102701376 115216 18825608    0    0     0     0 1381 2489  0  0 100  0  0
 0  0      0 102701496 115216 18825640    0    0     0    12 1509 2768  0  0 100  0  0
 0  0      0 102701496 115216 18825640    0    0     0   412 1390 2485  0  0 100  0  0
 0  0      0 102701376 115216 18825660    0    0     0     0 1351 2388  0  0 100  0  0
 1  0      0 102701376 115216 18825660    0    0     0     0 1374 2398  0  0 100  0  0
 1  0      0 102701496 115216 18825672    0    0     0     0 1664 2751  0  0 100  0  0
 2  0      0 102701376 115216 18825692    0    0     0    20 1487 2569  0  0 100  0  0
 0  0      0 102701248 115216 18825708    0    0     0    12 1341 2440  0  0 100  0  0
 0  0      0 102701496 115216 18825708    0    0     0     0 1368 2378  0  0 100  0  0
 0  0      0 102701496 115216 18825728    0    0     0     0 1480 2639  0  0 100  0  0
 0  0      0 102701496 115216 18825748    0    0     0     0 1350 2447  0  0 100  0  0
 0  0      0 102701496 115216 18825748    0    0     0    12 1394 2585  0  0 100  0  0
procs -----------memory---------- ---swap-- -----io---- -system-- ------cpu-----
 r  b   swpd   free   buff  cache   si   so    bi    bo   in   cs us sy id wa st
 0  0      0 102701520 115216 18825764    0    0     0    12 1355 2434  0  0 100  0  0
 1  0      0 102701392 115216 18825780    0    0     0     0 1459 2545  0  0 100  0  0
 0  0      0 102701392 115216 18825788    0    0     0     0 1363 2414  0  0 100  0  0
 0  0      0 102701392 115216 18825788    0    0     0     0 1429 2482  0  0 100  0  0
 0  0      0 102701520 115216 18825808    0    0     0    16 1405 2546  0  0 100  0  0
 0  0      0 102701520 115216 18825832    0    0     0     0 1518 2680  0  0 100  0  0
 0  0      0 102701760 115216 18825832    0    0     0     0 1361 2372  0  0 100  0  0
 0  0      0 102701760 115228 18825820    0    0     0    36 1378 2415  0  0 100  0  0
 1  0      0 102701760 115228 18825820    0    0     0     0 1375 2509  0  0 100  0  0
 0  0      0 102701504 115228 18825868    0    0     0    12 1554 2769  0  0 100  0  0
 1  0      0 102701632 115228 18825888    0    0     0     0 1369 2435  0  0 100  0  0
 0  0      0 102701760 115228 18825888    0    0     0     0 1304 2369  0  0 100  0  0
 0  0      0 102701760 115228 18825900    0    0     0   204 1392 2453  0  0 100  0  0
 0  0      0 102701760 115228 18825920    0    0     0     0 1483 2679  0  0 100  0  0
 0  0      0 102701760 115228 18825920    0    0     0    12 1430 2588  0  0 100  0  0
 1  0      0 102701760 115228 18825920    0    0     0    24 1453 2459  0  0 100  0  0
 0  0      0 102701768 115228 18825944    0    0     0     0 1354 2392  0  0 100  0  0
 1  0      0 102701520 115228 18825968    0    0     0     0 1478 2648  0  0 100  0  0
 0  0      0 102701648 115228 18825968    0    0     0    16 1405 2506  0  0 100  0  0
 0  0      0 102701648 115228 18825968    0    0     0    12 1355 2532  0  0 100  0  0
 0  0      0 102701648 115228 18825988    0    0     0    32 1433 2502  0  0 100  0  0
procs -----------memory---------- ---swap-- -----io---- -system-- ------cpu-----
 r  b   swpd   free   buff  cache   si   so    bi    bo   in   cs us sy id wa st
 0  0      0 102701648 115228 18826012    0    0     0     0 1432 2559  0  0 100  0  0
 0  0      0 102701648 115228 18826012    0    0     0     0 1378 2401  0  0 100  0  0
 1  0      0 102701648 115228 18826012    0    0     0     0 1401 2492  0  0 100  0  0
 0  0      0 102701888 115228 18826036    0    0     0    16 1397 2602  0  0 100  0  0
 2  0      0 102701768 115228 18826052    0    0     0   428 1473 2631  0  0 100  0  0
 0  0      0 102701888 115228 18826060    0    0     0     0 1340 2348  0  0 100  0  0
 0  0      0 102701888 115228 18826060    0    0     0     0 1389 2408  0  0 100  0  0
 0  0      0 102701888 115228 18826080    0    0     0     0 1398 2494  0  0 100  0  0
 0  0      0 102701776 115228 18826104    0    0     0    16 1519 2722  0  0 100  0  0
 0  0      0 102701776 115228 18826104    0    0     0    12 1372 2472  0  0 100  0  0
 1  0      0 102701896 115228 18826120    0    0     0     0 1282 2324  0  0 100  0  0
 1  0      0 102701896 115228 18826136    0    0     0     0 1361 2420  0  0 100  0  0
 0  0      0 102701896 115228 18826136    0    0     0     0 1528 2687  0  0 100  0  0
 0  0      0 102701896 115228 18826136    0    0     0    16 1361 2542  0  0 100  0  0
 0  0      0 102701896 115228 18826160    0    0     0     0 1443 2556  0  0 100  0  0
 0  0      0 102701896 115228 18826180    0    0     0     0 1362 2361  0  0 100  0  0
 0  0      0 102701896 115228 18826180    0    0     0    20 1477 2562  0  0 100  0  0
 1  0      0 102701896 115228 18826180    0    0     0     0 1389 2495  0  0 100  0  0
 0  0      0 102701896 115240 18826196    0    0     0    52 1410 2586  0  0 100  0  0
 1  0      0 102701776 115240 18826216    0    0     0     0 1343 2456  0  0 100  0  0
 0  0      0 102701776 115240 18826228    0    0     0     0 1509 2604  0  0 100  0  0
procs -----------memory---------- ---swap-- -----io---- -system-- ------cpu-----
 r  b   swpd   free   buff  cache   si   so    bi    bo   in   cs us sy id wa st
 0  0      0 102701648 115240 18826240    0    0     0   164 1380 2472  0  0 100  0  0
 0  0      0 102701648 115240 18826240    0    0     0     0 1354 2450  0  0 100  0  0
 0  0      0 102701648 115240 18826272    0    0     0    12 1412 2590  0  0 100  0  0
 0  0      0 102701648 115240 18826272    0    0     0    24 1483 2648  0  0 100  0  0
 0  0      0 102701648 115240 18826292    0    0     0     0 1357 2374  0  0 100  0  0
 0  0      0 102701776 115240 18826300    0    0     0     0 1365 2417  0  0 100  0  0
 0  0      0 102701648 115240 18826312    0    0     0     0 1372 2517  0  0 100  0  0
 0  0      0 102701648 115240 18826328    0    0     0    12 1504 2719  0  0 100  0  0
 0  0      0 102701648 115240 18826328    0    0     0    32 1386 2485  0  0 100  0  0
 0  0      0 102701648 115240 18826328    0    0     0     0 1345 2377  0  0 100  0  0
 0  0      0 102701648 115240 18826356    0    0     0     0 1355 2414  0  0 100  0  0
 0  0      0 102701648 115240 18826376    0    0     0     0 1500 2687  0  0 100  0  0
 0  0      0 102701776 115240 18826380    0    0     0    16 1434 2580  0  0 100  0  0
 1  0      0 102701776 115240 18826380    0    0     0    16 1370 2491  0  0 100  0  0
 0  0      0 102701528 115240 18826400    0    0     0     0 1378 2404  0  0 100  0  0
 0  0      0 102701520 115240 18826424    0    0     0     0 1472 2595  0  0 100  0  0
 0  0      0 102701520 115240 18826428    0    0     0     0 1390 2488  0  0 100  0  0
 0  0      0 102701520 115240 18826428    0    0     0    12 1381 2556  0  0 100  0  0
 0  0      0 102701520 115240 18826428    0    0     0   424 1341 2472  0  0 100  0  0
 1  0      0 102701520 115240 18826428    0    0     0     0 1477 2545  0  0 100  0  0
 0  0      0 102701776 115240 18826468    0    0     0     0 1360 2437  0  0 100  0  0
procs -----------memory---------- ---swap-- -----io---- -system-- ------cpu-----
 r  b   swpd   free   buff  cache   si   so    bi    bo   in   cs us sy id wa st
 1  0      0 102701776 115240 18826492    0    0     0     0 1406 2525  0  0 100  0  0
 0  0      0 102701648 115240 18826492    0    0     0    16 1388 2543  0  0 100  0  0
 0  0      0 102701648 115240 18826492    0    0     0     0 1513 2676  0  0 100  0  0
 0  0      0 102701520 115240 18826516    0    0     0     0 1358 2362  0  0 100  0  0
 0  0      0 102701400 115240 18826540    0    0     0     0 1347 2396  0  0 100  0  0
 0  0      0 102701648 115240 18826540    0    0     0     0 1394 2515  0  0 100  0  0
 0  0      0 102701648 115240 18826540    0    0     0    40 1513 2737  0  0 100  0  0
 1  0      0 102701648 115240 18826540    0    0     0     0 1344 2425  0  0 100  0  0
 0  0      0 102701568 115240 18826568    0    0     0     0 1348 2368  0  0 100  0  0
 0  0      0 102701568 115240 18826596    0    0     0   116 1380 2430  0  0 100  0  0
 0  0      0 102701568 115240 18826596    0    0     0     0 1472 2668  0  0 100  0  0
 0  0      0 102701568 115240 18826616    0    0     0    12 1419 2569  0  0 100  0  0
 0  0      0 102701568 115240 18826616    0    0     0    24 1345 2442  0  0 100  0  0
 0  0      0 102701568 115240 18826616    0    0     0     0 1340 2361  0  0 100  0  0
 0  0      0 102701704 115240 18826644    0    0     0     0 1505 2606  0  0 100  0  0
 1  0      0 102701584 115240 18826664    0    0     0    16 1410 2529  0  0 100  0  0
 0  0      0 102701584 115240 18826664    0    0     0    12 1366 2566  0  0 100  0  0
 0  0      0 102701704 115240 18826664    0    0     0    32 1379 2495  0  0 100  0  0
 0  0      0 102699424 115240 18826688    0    0     0     0 1444 2567  0  0 100  0  0
 0  0      0 102699424 115240 18826708    0    0     0     0 1317 2366  0  0 100  0  0
 0  0      0 102699424 115240 18826708    0    0     0     0 1381 2506  0  0 100  0  0
procs -----------memory---------- ---swap-- -----io---- -system-- ------cpu-----
 r  b   swpd   free   buff  cache   si   so    bi    bo   in   cs us sy id wa st
 0  0      0 102699424 115240 18826708    0    0     0    16 1398 2553  0  0 100  0  0
 0  0      0 102699424 115240 18826708    0    0     0    12 1471 2666  0  0 100  0  0
 0  0      0 102699600 115240 18826740    0    0     0     0 1354 2375  0  0 100  0  0
 1  0      0 102699472 115240 18826768    0    0     0     0 1333 2391  0  0 100  0  0
 0  0      0 102699472 115240 18826772    0    0     0     0 1393 2506  0  0 100  0  0
 0  0      0 102699472 115240 18826772    0    0     0    12 1508 2724  0  0 100  0  0
 0  0      0 102699472 115240 18826796    0    0     0    12 1394 2491  0  0 100  0  0
 0  0      0 102699472 115240 18826816    0    0     0     0 1267 2328  0  0 100  0  0
 0  0      0 102699472 115240 18826816    0    0     0     0 1352 2432  0  0 100  0  0
 0  0      0 102699472 115240 18826816    0    0     0     0 1540 2721  0  0 100  0  0
 1  0      0 102699472 115240 18826816    0    0     0    12 1372 2513  0  0 100  0  0
 0  0      0 102699368 115240 18826852    0    0     0   408 1424 2525  0  0 100  0  0
 1  0      0 102699384 115240 18826876    0    0     0     0 1353 2374  0  0 100  0  0
 0  0      0 102699384 115240 18826876    0    0     0     0 1495 2586  0  0 100  0  0
 0  0      0 102699384 115240 18826876    0    0     0     0 1407 2512  0  0 100  0  0
 0  0      0 102699384 115240 18826896    0    0     0    16 1401 2543  0  0 100  0  0
 0  0      0 102699384 115240 18826920    0    0     0     0 1361 2439  0  0 100  0  0
 1  0      0 102699384 115240 18826920    0    0     0     0 1406 2544  0  0 100  0  0
 0  0      0 102699384 115240 18826932    0    0     0   132 1366 2437  0  0 100  0  0
 1  0      0 102699384 115240 18826952    0    0     0     0 1358 2461  0  0 100  0  0
 0  0      0 102699384 115240 18826952    0    0     0    12 1387 2525  0  0 100  0  0
procs -----------memory---------- ---swap-- -----io---- -system-- ------cpu-----
 r  b   swpd   free   buff  cache   si   so    bi    bo   in   cs us sy id wa st
 0  0      0 102699384 115240 18826952    0    0     0    24 1456 2641  0  0 100  0  0
 0  0      0 102699264 115240 18826980    0    0     0     0 1354 2380  0  0 100  0  0
 0  0      0 102699264 115240 18827000    0    0     0     0 1359 2442  0  0 100  0  0
 0  0      0 102699264 115240 18827004    0    0     0     0 1377 2472  0  0 100  0  0
 0  0      0 102699136 115240 18827004    0    0     0    12 1490 2698  0  0 100  0  0
 0  0      0 102699264 115240 18827024    0    0     0    32 1404 2505  0  0 100  0  0
 1  0      0 102699264 115240 18827044    0    0     0     0 1287 2346  0  0 100  0  0
 0  0      0 102699264 115240 18827044    0    0     0     0 1338 2429  0  0 100  0  0
 1  0      0 102699264 115240 18827044    0    0     0     0 1443 2657  0  0 100  0  0
 0  0      0 102699272 115240 18827068    0    0     0    16 1379 2523  0  0 100  0  0
 0  0      0 102699272 115240 18827088    0    0     0    12 1374 2452  0  0 100  0  0
 0  0      0 102699272 115240 18827088    0    0     0     0 1341 2375  0  0 100  0  0
 0  0      0 102699272 115240 18827088    0    0     0     0 1465 2617  0  0 100  0  0
 0  0      0 102699272 115240 18827116    0    0     0     0 1368 2467  0  0 100  0  0
 1  0      0 102699152 115240 18827132    0    0     0    12 1382 2574  0  0 100  0  0
 0  0      0 102699152 115240 18827136    0    0     0    12 1379 2453  0  0 100  0  0
 0  0      0 102699152 115240 18827136    0    0     0     0 1398 2526  0  0 100  0  0
 0  0      0 102699152 115240 18827160    0    0     0     0 1368 2422  0  0 100  0  0
 0  0      0 102699152 115240 18827180    0    0     0     0 1389 2503  0  0 100  0  0
 0  0      0 102699152 115240 18827180    0    0     0    16 1378 2547  0  0 100  0  0
 1  0      0 102699152 115240 18827180    0    0     0     0 1459 2637  0  0 100  0  0
procs -----------memory---------- ---swap-- -----io---- -system-- ------cpu-----
 r  b   swpd   free   buff  cache   si   so    bi    bo   in   cs us sy id wa st
 0  0      0 102699152 115240 18827208    0    0     0     0 1391 2388  0  0 100  0  0
 0  0      0 102655264 115252 18875492    0    0     0  4684 29530 21693  0  0 99  0  0
 0  0      0 102655648 115252 18875268    0    0     0     0 1410 2509  0  0 100  0  0
 0  0      0 102648224 115252 18879756    0    0     0    12 1581 2798  0  0 100  0  0
