Linux 3.10.0-957.el7.x86_64 (newmem2) 	2021年02月08日 	_x86_64_	(96 CPU)

Device:         rrqm/s   wrqm/s     r/s     w/s    rkB/s    wkB/s avgrq-sz avgqu-sz   await r_await w_await  svctm  %util
nvme1n1           0.00     0.00    0.00    0.00     0.01     0.00    61.84     0.00    0.02    0.02    0.00   0.01   0.00
nvme0n1           0.00     0.00    0.00    0.00     0.01     0.00    60.48     0.00    0.05    0.05    0.00   0.03   0.00
sda               0.00     0.50    0.09    3.94     2.61    92.59    47.19     0.01    3.26    0.81    3.32   0.09   0.04
dm-0              0.00     0.00    0.09    3.26     2.46    42.03    26.56     0.01    2.30    0.83    2.34   0.09   0.03
dm-1              0.00     0.00    0.00    0.00     0.01     0.00    54.67     0.00    0.31    0.31    0.00   0.18   0.00
dm-2              0.00     0.00    0.00    0.54     0.03    50.56   186.69     0.03   56.76    0.38   56.92   0.19   0.01

