Linux 3.10.0-957.el7.x86_64 (newmem3) 	2021年02月08日 	_x86_64_	(96 CPU)

Device:         rrqm/s   wrqm/s     r/s     w/s    rkB/s    wkB/s avgrq-sz avgqu-sz   await r_await w_await  svctm  %util
nvme0n1           0.00     0.00    0.00    0.00     0.03     0.00    64.14     0.00    0.03    0.03    0.00   5.44   0.00
nvme1n1           0.00     0.00    0.00    0.00     0.01     0.00    44.13     0.00    0.01    0.01    0.00   0.01   0.00
sda               0.00     0.52    0.15    3.95     2.86    93.87    47.24     0.01    3.24    0.69    3.34   0.09   0.04
dm-0              0.00     0.00    0.15    3.28     2.72    43.57    27.00     0.01    2.11    0.69    2.18   0.09   0.03
dm-1              0.00     0.00    0.00    0.00     0.01     0.00    54.67     0.00    0.62    0.62    0.00   0.32   0.00
dm-2              0.00     0.00    0.00    0.00     0.00     0.00    48.19     0.00    0.00    0.00    0.00   0.00   0.00
dm-3              0.00     0.00    0.00    0.54     0.02    50.24   185.05     0.03   56.44    0.43   56.54   0.19   0.01
dm-4              0.00     0.00    0.00    0.00     0.00     0.00    48.19     0.00    0.05    0.05    0.00   0.05   0.00
dm-5              0.00     0.00    0.00    0.00     0.00     0.00    48.19     0.00    0.00    0.00    0.00   0.00   0.00
dm-6              0.00     0.00    0.00    0.00     0.00     0.00    48.19     0.00    0.05    0.05    0.00   0.02   0.00

Device:         rrqm/s   wrqm/s     r/s     w/s    rkB/s    wkB/s avgrq-sz avgqu-sz   await r_await w_await  svctm  %util
nvme0n1           0.00     0.00    0.00    0.00     0.00     0.00     0.00     0.00    0.00    0.00    0.00   0.00   0.00
nvme1n1           0.00     0.00    0.00    0.00     0.00     0.00     0.00     0.00    0.00    0.00    0.00   0.00   0.00
sda               0.00     0.00    0.00    3.00     0.00     8.00     5.33     0.00    0.33    0.00    0.33   0.33   0.10
dm-0              0.00     0.00    0.00    2.00     0.00     8.00     8.00     0.00    0.50    0.00    0.50   0.50   0.10
dm-1              0.00     0.00    0.00    0.00     0.00     0.00     0.00     0.00    0.00    0.00    0.00   0.00   0.00
dm-2              0.00     0.00    0.00    0.00     0.00     0.00     0.00     0.00    0.00    0.00    0.00   0.00   0.00
dm-3              0.00     0.00    0.00    0.00     0.00     0.00     0.00     0.00    0.00    0.00    0.00   0.00   0.00
dm-4              0.00     0.00    0.00    0.00     0.00     0.00     0.00     0.00    0.00    0.00    0.00   0.00   0.00
dm-5              0.00     0.00    0.00    0.00     0.00     0.00     0.00     0.00    0.00    0.00    0.00   0.00   0.00
dm-6              0.00     0.00    0.00    0.00     0.00     0.00     0.00     0.00    0.00    0.00    0.00   0.00   0.00

