Linux 3.10.0-957.el7.x86_64 (newmem4) 	2021年02月08日 	_x86_64_	(96 CPU)

23时28分35秒  CPU    %usr   %nice    %sys %iowait    %irq   %soft  %steal  %guest  %gnice   %idle
23时28分36秒  all    0.29    0.00    0.22    0.00    0.00    0.04    0.00    0.00    0.00   99.45
23时28分36秒    0    0.00    0.00    0.00    0.00    0.00    2.08    0.00    0.00    0.00   97.92
23时28分36秒    1    0.00    0.00    0.00    0.00    0.00    1.04    0.00    0.00    0.00   98.96
23时28分36秒    2    1.05    0.00    0.00    0.00    0.00    0.00    0.00    0.00    0.00   98.95
23时28分36秒    3    1.04    0.00    1.04    0.00    0.00    0.00    0.00    0.00    0.00   97.92
23时28分36秒    4    0.00    0.00    0.00    0.00    0.00    0.00    0.00    0.00    0.00  100.00
23时28分36秒    5    0.00    0.00    0.00    0.00    0.00    0.00    0.00    0.00    0.00  100.00
23时28分36秒    6    0.00    0.00    0.00    0.00    0.00    0.00    0.00    0.00    0.00  100.00
23时28分36秒    7    0.00    0.00    0.00    0.00    0.00    0.00    0.00    0.00    0.00  100.00
23时28分36秒    8    0.00    0.00    1.04    0.00    0.00    0.00    0.00    0.00    0.00   98.96
23时28分36秒    9    0.00    0.00    0.00    0.00    0.00    0.00    0.00    0.00    0.00  100.00
23时28分36秒   10    1.05    0.00    0.00    0.00    0.00    0.00    0.00    0.00    0.00   98.95
23时28分36秒   11    0.00    0.00    0.00    0.00    0.00    0.00    0.00    0.00    0.00  100.00
23时28分36秒   12    0.00    0.00    1.05    0.00    0.00    0.00    0.00    0.00    0.00   98.95
23时28分36秒   13    0.00    0.00    0.00    0.00    0.00    0.00    0.00    0.00    0.00  100.00
23时28分36秒   14    0.00    0.00    0.00    0.00    0.00    0.00    0.00    0.00    0.00  100.00
23时28分36秒   15    0.00    0.00    1.05    0.00    0.00    0.00    0.00    0.00    0.00   98.95
23时28分36秒   16    0.00    0.00    0.00    0.00    0.00    0.00    0.00    0.00    0.00  100.00
23时28分36秒   17    0.00    0.00    0.00    0.00    0.00    0.00    0.00    0.00    0.00  100.00
23时28分36秒   18    0.00    0.00    0.00    0.00    0.00    0.00    0.00    0.00    0.00  100.00
23时28分36秒   19    0.00    0.00    0.00    0.00    0.00    0.00    0.00    0.00    0.00  100.00
23时28分36秒   20    0.00    0.00    0.00    0.00    0.00    0.00    0.00    0.00    0.00  100.00
23时28分36秒   21    0.00    0.00    1.04    0.00    0.00    0.00    0.00    0.00    0.00   98.96
23时28分36秒   22    0.00    0.00    0.00    0.00    0.00    0.00    0.00    0.00    0.00  100.00
23时28分36秒   23    1.04    0.00    0.00    0.00    0.00    0.00    0.00    0.00    0.00   98.96
23时28分36秒   24    1.02    0.00    1.02    0.00    0.00    0.00    0.00    0.00    0.00   97.96
23时28分36秒   25    0.00    0.00    0.00    0.00    0.00    0.00    0.00    0.00    0.00  100.00
23时28分36秒   26    3.12    0.00    0.00    0.00    0.00    0.00    0.00    0.00    0.00   96.88
23时28分36秒   27    1.05    0.00    0.00    0.00    0.00    0.00    0.00    0.00    0.00   98.95
23时28分36秒   28    0.00    0.00    1.05    0.00    0.00    0.00    0.00    0.00    0.00   98.95
23时28分36秒   29    1.03    0.00    0.00    0.00    0.00    0.00    0.00    0.00    0.00   98.97
23时28分36秒   30    0.00    0.00    0.00    0.00    0.00    0.00    0.00    0.00    0.00  100.00
23时28分36秒   31    0.00    0.00    0.00    0.00    0.00    0.00    0.00    0.00    0.00  100.00
23时28分36秒   32    0.00    0.00    0.00    0.00    0.00    0.00    0.00    0.00    0.00  100.00
23时28分36秒   33    1.03    0.00    0.00    0.00    0.00    0.00    0.00    0.00    0.00   98.97
23时28分36秒   34    0.00    0.00    1.04    0.00    0.00    0.00    0.00    0.00    0.00   98.96
23时28分36秒   35    0.00    0.00    0.00    0.00    0.00    0.00    0.00    0.00    0.00  100.00
23时28分36秒   36    1.03    0.00    1.03    0.00    0.00    0.00    0.00    0.00    0.00   97.94
23时28分36秒   37    0.00    0.00    1.05    0.00    0.00    0.00    0.00    0.00    0.00   98.95
23时28分36秒   38    1.04    0.00    0.00    0.00    0.00    0.00    0.00    0.00    0.00   98.96
23时28分36秒   39    0.00    0.00    1.05    0.00    0.00    0.00    0.00    0.00    0.00   98.95
23时28分36秒   40    1.02    0.00    1.02    0.00    0.00    0.00    0.00    0.00    0.00   97.96
23时28分36秒   41    0.00    0.00    0.00    0.00    0.00    0.00    0.00    0.00    0.00  100.00
23时28分36秒   42    0.00    0.00    0.00    0.00    0.00    0.00    0.00    0.00    0.00  100.00
23时28分36秒   43    0.00    0.00    1.04    0.00    0.00    0.00    0.00    0.00    0.00   98.96
23时28分36秒   44    1.04    0.00    0.00    0.00    0.00    0.00    0.00    0.00    0.00   98.96
23时28分36秒   45    1.04    0.00    0.00    0.00    0.00    0.00    0.00    0.00    0.00   98.96
23时28分36秒   46    0.00    0.00    0.00    0.00    0.00    0.00    0.00    0.00    0.00  100.00
23时28分36秒   47    1.04    0.00    0.00    0.00    0.00    0.00    0.00    0.00    0.00   98.96
23时28分36秒   48    0.00    0.00    1.00    0.00    0.00    0.00    0.00    0.00    0.00   99.00
23时28分36秒   49    0.00    0.00    1.01    0.00    0.00    0.00    0.00    0.00    0.00   98.99
23时28分36秒   50    0.00    0.00    0.99    0.00    0.00    0.00    0.00    0.00    0.00   99.01
23时28分36秒   51    0.99    0.00    0.00    0.00    0.00    0.00    0.00    0.00    0.00   99.01
23时28分36秒   52    0.00    0.00    0.00    0.00    0.00    0.00    0.00    0.00    0.00  100.00
23时28分36秒   53    0.00    0.00    0.00    0.00    0.00    0.00    0.00    0.00    0.00  100.00
23时28分36秒   54    0.00    0.00    0.00    0.00    0.00    0.00    0.00    0.00    0.00  100.00
23时28分36秒   55    0.00    0.00    0.00    0.00    0.00    0.00    0.00    0.00    0.00  100.00
23时28分36秒   56    0.00    0.00    1.00    0.00    0.00    0.00    0.00    0.00    0.00   99.00
23时28分36秒   57    0.00    0.00    0.00    0.00    0.00    0.00    0.00    0.00    0.00  100.00
23时28分36秒   58    0.00    0.00    0.00    0.00    0.00    0.00    0.00    0.00    0.00  100.00
23时28分36秒   59    0.00    0.00    0.00    0.00    0.00    0.00    0.00    0.00    0.00  100.00
23时28分36秒   60    0.00    0.00    0.00    0.00    0.00    0.00    0.00    0.00    0.00  100.00
23时28分36秒   61    0.00    0.00    0.00    0.00    0.00    0.00    0.00    0.00    0.00  100.00
23时28分36秒   62    0.00    0.00    0.00    0.00    0.00    0.00    0.00    0.00    0.00  100.00
23时28分36秒   63    0.00    0.00    0.00    0.00    0.00    0.00    0.00    0.00    0.00  100.00
23时28分36秒   64    0.00    0.00    0.99    0.00    0.00    0.00    0.00    0.00    0.00   99.01
23时28分36秒   65    0.00    0.00    0.00    0.00    0.00    0.00    0.00    0.00    0.00  100.00
23时28分36秒   66    0.00    0.00    0.00    0.00    0.00    0.00    0.00    0.00    0.00  100.00
23时28分36秒   67    0.00    0.00    0.00    0.00    0.00    0.00    0.00    0.00    0.00  100.00
23时28分36秒   68    0.00    0.00    0.00    0.00    0.00    0.00    0.00    0.00    0.00  100.00
23时28分36秒   69    0.00    0.00    0.00    0.00    0.00    0.00    0.00    0.00    0.00  100.00
23时28分36秒   70    0.00    0.00    0.00    0.00    0.00    0.00    0.00    0.00    0.00  100.00
23时28分36秒   71    0.00    0.00    0.00    0.00    0.00    0.00    0.00    0.00    0.00  100.00
23时28分36秒   72    0.99    0.00    0.00    0.00    0.00    0.00    0.00    0.00    0.00   99.01
23时28分36秒   73    0.00    0.00    0.00    0.00    0.00    0.00    0.00    0.00    0.00  100.00
23时28分36秒   74    0.00    0.00    0.00    0.00    0.00    0.00    0.00    0.00    0.00  100.00
23时28分36秒   75    0.00    0.00    0.00    0.00    0.00    0.00    0.00    0.00    0.00  100.00
23时28分36秒   76    1.00    0.00    0.00    0.00    0.00    0.00    0.00    0.00    0.00   99.00
23时28分36秒   77    2.00    0.00    0.00    0.00    0.00    0.00    0.00    0.00    0.00   98.00
23时28分36秒   78    0.00    0.00    0.99    0.00    0.00    0.00    0.00    0.00    0.00   99.01
23时28分36秒   79    0.00    0.00    0.00    0.00    0.00    0.00    0.00    0.00    0.00  100.00
23时28分36秒   80    0.00    0.00    0.00    0.00    0.00    0.00    0.00    0.00    0.00  100.00
23时28分36秒   81    0.00    0.00    0.00    0.00    0.00    0.00    0.00    0.00    0.00  100.00
23时28分36秒   82    0.00    0.00    0.00    0.00    0.00    0.00    0.00    0.00    0.00  100.00
23时28分36秒   83    0.00    0.00    0.00    0.00    0.00    0.00    0.00    0.00    0.00  100.00
23时28分36秒   84    0.00    0.00    1.01    0.00    0.00    0.00    0.00    0.00    0.00   98.99
23时28分36秒   85    0.00    0.00    0.00    0.00    0.00    0.00    0.00    0.00    0.00  100.00
23时28分36秒   86    0.99    0.00    0.00    0.00    0.00    0.00    0.00    0.00    0.00   99.01
23时28分36秒   87    0.00    0.00    0.00    0.00    0.00    0.00    0.00    0.00    0.00  100.00
23时28分36秒   88    0.00    0.00    0.00    0.00    0.00    0.00    0.00    0.00    0.00  100.00
23时28分36秒   89    0.99    0.00    0.00    0.00    0.00    0.00    0.00    0.00    0.00   99.01
23时28分36秒   90    0.00    0.00    0.00    0.00    0.00    0.00    0.00    0.00    0.00  100.00
23时28分36秒   91    0.00    0.00    0.00    0.00    0.00    0.00    0.00    0.00    0.00  100.00
23时28分36秒   92    0.00    0.00    0.00    0.00    0.00    0.00    0.00    0.00    0.00  100.00
23时28分36秒   93    0.00    0.00    0.00    0.00    0.00    0.00    0.00    0.00    0.00  100.00
23时28分36秒   94    0.00    0.00    0.00    0.00    0.00    0.00    0.00    0.00    0.00  100.00
23时28分36秒   95    0.00    0.00    0.00    0.00    0.00    0.00    0.00    0.00    0.00  100.00

23时28分36秒  CPU    %usr   %nice    %sys %iowait    %irq   %soft  %steal  %guest  %gnice   %idle
23时28分37秒  all    0.32    0.00    0.32    0.00    0.00    0.04    0.00    0.00    0.00   99.32
23时28分37秒    0    1.01    0.00    1.01    0.00    0.00    4.04    0.00    0.00    0.00   93.94
23时28分37秒    1    0.00    0.00    0.00    0.00    0.00    0.00    0.00    0.00    0.00  100.00
23时28分37秒    2    0.00    0.00    1.05    0.00    0.00    0.00    0.00    0.00    0.00   98.95
23时28分37秒    3    0.00    0.00    0.00    0.00    0.00    0.00    0.00    0.00    0.00  100.00
23时28分37秒    4    0.00    0.00    1.04    0.00    0.00    0.00    0.00    0.00    0.00   98.96
23时28分37秒    5    2.08    0.00    1.04    0.00    0.00    0.00    0.00    0.00    0.00   96.88
23时28分37秒    6    1.05    0.00    0.00    0.00    0.00    0.00    0.00    0.00    0.00   98.95
23时28分37秒    7    0.00    0.00    0.00    0.00    0.00    0.00    0.00    0.00    0.00  100.00
23时28分37秒    8    1.05    0.00    0.00    0.00    0.00    0.00    0.00    0.00    0.00   98.95
23时28分37秒    9    0.00    0.00    0.00    0.00    0.00    0.00    0.00    0.00    0.00  100.00
23时28分37秒   10    0.00    0.00    1.04    0.00    0.00    0.00    0.00    0.00    0.00   98.96
23时28分37秒   11    0.00    0.00    0.00    0.00    0.00    0.00    0.00    0.00    0.00  100.00
23时28分37秒   12    1.04    0.00    1.04    0.00    0.00    0.00    0.00    0.00    0.00   97.92
23时28分37秒   13    0.00    0.00    1.05    0.00    0.00    0.00    0.00    0.00    0.00   98.95
23时28分37秒   14    0.00    0.00    0.00    0.00    0.00    0.00    0.00    0.00    0.00  100.00
23时28分37秒   15    0.00    0.00    0.00    0.00    0.00    0.00    0.00    0.00    0.00  100.00
23时28分37秒   16    0.00    0.00    0.00    0.00    0.00    0.00    0.00    0.00    0.00  100.00
23时28分37秒   17    0.00    0.00    1.05    0.00    0.00    0.00    0.00    0.00    0.00   98.95
23时28分37秒   18    0.00    0.00    1.05    0.00    0.00    0.00    0.00    0.00    0.00   98.95
23时28分37秒   19    0.00    0.00    0.00    0.00    0.00    0.00    0.00    0.00    0.00  100.00
23时28分37秒   20    0.00    0.00    1.05    0.00    0.00    0.00    0.00    0.00    0.00   98.95
23时28分37秒   21    1.05    0.00    0.00    0.00    0.00    0.00    0.00    0.00    0.00   98.95
23时28分37秒   22    0.00    0.00    0.00    0.00    0.00    0.00    0.00    0.00    0.00  100.00
23时28分37秒   23    1.06    0.00    0.00    0.00    0.00    0.00    0.00    0.00    0.00   98.94
23时28分37秒   24    0.00    0.00    0.00    0.00    0.00    0.00    0.00    0.00    0.00  100.00
23时28分37秒   25    1.05    0.00    0.00    0.00    0.00    0.00    0.00    0.00    0.00   98.95
23时28分37秒   26    1.04    0.00    1.04    0.00    0.00    0.00    0.00    0.00    0.00   97.92
23时28分37秒   27    1.04    0.00    1.04    0.00    0.00    0.00    0.00    0.00    0.00   97.92
23时28分37秒   28    0.00    0.00    0.00    0.00    0.00    0.00    0.00    0.00    0.00  100.00
23时28分37秒   29    0.00    0.00    0.00    0.00    0.00    0.00    0.00    0.00    0.00  100.00
23时28分37秒   30    0.00    0.00    0.00    0.00    0.00    0.00    0.00    0.00    0.00  100.00
23时28分37秒   31    1.05    0.00    0.00    0.00    0.00    0.00    0.00    0.00    0.00   98.95
23时28分37秒   32    1.04    0.00    0.00    0.00    0.00    0.00    0.00    0.00    0.00   98.96
23时28分37秒   33    0.00    0.00    0.00    0.00    0.00    0.00    0.00    0.00    0.00  100.00
23时28分37秒   34    0.00    0.00    0.00    0.00    0.00    0.00    0.00    0.00    0.00  100.00
23时28分37秒   35    1.05    0.00    0.00    0.00    0.00    0.00    0.00    0.00    0.00   98.95
23时28分37秒   36    0.00    0.00    0.00    0.00    0.00    0.00    0.00    0.00    0.00  100.00
23时28分37秒   37    1.05    0.00    0.00    0.00    0.00    0.00    0.00    0.00    0.00   98.95
23时28分37秒   38    0.00    0.00    0.00    0.00    0.00    0.00    0.00    0.00    0.00  100.00
23时28分37秒   39    1.05    0.00    1.05    0.00    0.00    0.00    0.00    0.00    0.00   97.89
23时28分37秒   40    0.00    0.00    0.00    0.00    0.00    0.00    0.00    0.00    0.00  100.00
23时28分37秒   41    0.00    0.00    0.00    0.00    0.00    0.00    0.00    0.00    0.00  100.00
23时28分37秒   42    1.05    0.00    0.00    0.00    0.00    0.00    0.00    0.00    0.00   98.95
23时28分37秒   43    0.00    0.00    0.00    0.00    0.00    0.00    0.00    0.00    0.00  100.00
23时28分37秒   44    0.00    0.00    0.00    0.00    0.00    0.00    0.00    0.00    0.00  100.00
23时28分37秒   45    0.00    0.00    0.00    0.00    0.00    0.00    0.00    0.00    0.00  100.00
23时28分37秒   46    0.00    0.00    0.00    0.00    0.00    0.00    0.00    0.00    0.00  100.00
23时28分37秒   47    0.00    0.00    0.00    0.00    0.00    0.00    0.00    0.00    0.00  100.00
23时28分37秒   48    0.00    0.00    0.00    0.00    0.00    0.00    0.00    0.00    0.00  100.00
23时28分37秒   49    1.01    0.00    4.04    0.00    0.00    0.00    0.00    0.00    0.00   94.95
23时28分37秒   50    0.00    0.00    0.00    0.00    0.00    0.00    0.00    0.00    0.00  100.00
23时28分37秒   51    0.00    0.00    1.01    0.00    0.00    0.00    0.00    0.00    0.00   98.99
23时28分37秒   52    0.00    0.00    0.00    0.00    0.00    0.00    0.00    0.00    0.00  100.00
23时28分37秒   53    0.00    0.00    0.00    0.00    0.00    0.00    0.00    0.00    0.00  100.00
23时28分37秒   54    0.00    0.00    0.00    0.00    0.00    0.00    0.00    0.00    0.00  100.00
23时28分37秒   55    0.00    0.00    0.00    0.00    0.00    0.00    0.00    0.00    0.00  100.00
23时28分37秒   56    0.00    0.00    1.01    0.00    0.00    0.00    0.00    0.00    0.00   98.99
23时28分37秒   57    0.00    0.00    0.00    0.00    0.00    0.00    0.00    0.00    0.00  100.00
23时28分37秒   58    0.00    0.00    0.00    0.00    0.00    0.00    0.00    0.00    0.00  100.00
23时28分37秒   59    1.00    0.00    0.00    0.00    0.00    0.00    0.00    0.00    0.00   99.00
23时28分37秒   60    0.00    0.00    0.00    0.00    0.00    0.00    0.00    0.00    0.00  100.00
23时28分37秒   61    0.00    0.00    0.00    0.00    0.00    0.00    0.00    0.00    0.00  100.00
23时28分37秒   62    0.00    0.00    0.00    0.00    0.00    0.00    0.00    0.00    0.00  100.00
23时28分37秒   63    0.00    0.00    0.00    0.00    0.00    0.00    0.00    0.00    0.00  100.00
23时28分37秒   64    0.00    0.00    0.00    0.00    0.00    0.00    0.00    0.00    0.00  100.00
23时28分37秒   65    0.00    0.00    0.00    0.00    0.00    0.00    0.00    0.00    0.00  100.00
23时28分37秒   66    0.00    0.00    0.00    0.00    0.00    0.00    0.00    0.00    0.00  100.00
23时28分37秒   67    0.00    0.00    0.00    0.00    0.00    0.00    0.00    0.00    0.00  100.00
23时28分37秒   68    0.00    0.00    0.00    0.00    0.00    0.00    0.00    0.00    0.00  100.00
23时28分37秒   69    0.00    0.00    0.00    0.00    0.00    0.00    0.00    0.00    0.00  100.00
23时28分37秒   70    0.00    0.00    0.00    0.00    0.00    0.00    0.00    0.00    0.00  100.00
23时28分37秒   71    0.00    0.00    0.00    0.00    0.00    0.00    0.00    0.00    0.00  100.00
23时28分37秒   72    1.00    0.00    0.00    0.00    0.00    0.00    0.00    0.00    0.00   99.00
23时28分37秒   73    1.00    0.00    5.00    0.00    0.00    0.00    0.00    0.00    0.00   94.00
23时28分37秒   74    1.00    0.00    1.00    0.00    0.00    0.00    0.00    0.00    0.00   98.00
23时28分37秒   75    0.00    0.00    0.00    0.00    0.00    0.00    0.00    0.00    0.00  100.00
23时28分37秒   76    1.00    0.00    1.00    0.00    0.00    0.00    0.00    0.00    0.00   98.00
23时28分37秒   77    1.01    0.00    0.00    0.00    0.00    0.00    0.00    0.00    0.00   98.99
23时28分37秒   78    0.00    0.00    0.00    0.00    0.00    0.00    0.00    0.00    0.00  100.00
23时28分37秒   79    0.00    0.00    0.00    0.00    0.00    0.00    0.00    0.00    0.00  100.00
23时28分37秒   80    0.00    0.00    0.00    0.00    0.00    0.00    0.00    0.00    0.00  100.00
23时28分37秒   81    0.00    0.00    0.00    0.00    0.00    0.00    0.00    0.00    0.00  100.00
23时28分37秒   82    1.00    0.00    0.00    0.00    0.00    0.00    0.00    0.00    0.00   99.00
23时28分37秒   83    0.00    0.00    0.00    0.00    0.00    0.00    0.00    0.00    0.00  100.00
23时28分37秒   84    0.00    0.00    0.00    0.00    0.00    0.00    0.00    0.00    0.00  100.00
23时28分37秒   85    0.00    0.00    0.00    0.00    0.00    0.00    0.00    0.00    0.00  100.00
23时28分37秒   86    0.00    0.00    0.00    0.00    0.00    0.00    0.00    0.00    0.00  100.00
23时28分37秒   87    0.00    0.00    0.00    0.00    0.00    0.00    0.00    0.00    0.00  100.00
23时28分37秒   88    0.99    0.00    0.99    0.00    0.00    0.00    0.00    0.00    0.00   98.02
23时28分37秒   89    1.00    0.00    0.00    0.00    0.00    0.00    0.00    0.00    0.00   99.00
23时28分37秒   90    0.00    0.00    0.00    0.00    0.00    0.00    0.00    0.00    0.00  100.00
23时28分37秒   91    0.00    0.00    0.00    0.00    0.00    0.00    0.00    0.00    0.00  100.00
23时28分37秒   92    0.00    0.00    0.00    0.00    0.00    0.00    0.00    0.00    0.00  100.00
23时28分37秒   93    0.00    0.00    0.00    0.00    0.00    0.00    0.00    0.00    0.00  100.00
23时28分37秒   94    0.00    0.00    0.00    0.00    0.00    0.00    0.00    0.00    0.00  100.00
23时28分37秒   95    0.00    0.00    0.00    0.00    0.00    0.00    0.00    0.00    0.00  100.00
