Linux 3.10.0-957.el7.x86_64 (newmem3) 	2021年02月08日 	_x86_64_	(96 CPU)

23时28分43秒  CPU    %usr   %nice    %sys %iowait    %irq   %soft  %steal  %guest  %gnice   %idle
23时28分44秒  all    0.28    0.00    0.35    0.00    0.00    0.03    0.00    0.00    0.00   99.34
23时28分44秒    0    0.00    0.00    0.00    0.00    0.00    3.09    0.00    0.00    0.00   96.91
23时28分44秒    1    0.00    0.00    1.05    0.00    0.00    0.00    0.00    0.00    0.00   98.95
23时28分44秒    2    1.04    0.00    4.17    0.00    0.00    0.00    0.00    0.00    0.00   94.79
23时28分44秒    3    1.03    0.00    2.06    0.00    0.00    0.00    0.00    0.00    0.00   96.91
23时28分44秒    4    0.00    0.00    0.00    0.00    0.00    0.00    0.00    0.00    0.00  100.00
23时28分44秒    5    1.04    0.00    1.04    0.00    0.00    0.00    0.00    0.00    0.00   97.92
23时28分44秒    6    0.00    0.00    1.04    0.00    0.00    0.00    0.00    0.00    0.00   98.96
23时28分44秒    7    0.00    0.00    0.00    0.00    0.00    0.00    0.00    0.00    0.00  100.00
23时28分44秒    8    1.04    0.00    0.00    0.00    0.00    0.00    0.00    0.00    0.00   98.96
23时28分44秒    9    1.03    0.00    1.03    0.00    0.00    0.00    0.00    0.00    0.00   97.94
23时28分44秒   10    0.00    0.00    0.00    0.00    0.00    0.00    0.00    0.00    0.00  100.00
23时28分44秒   11    0.00    0.00    0.00    0.00    0.00    0.00    0.00    0.00    0.00  100.00
23时28分44秒   12    1.05    0.00    0.00    0.00    0.00    0.00    0.00    0.00    0.00   98.95
23时28分44秒   13    1.05    0.00    0.00    0.00    0.00    0.00    0.00    0.00    0.00   98.95
23时28分44秒   14    0.00    0.00    0.00    0.00    0.00    0.00    0.00    0.00    0.00  100.00
23时28分44秒   15    1.03    0.00    1.03    0.00    0.00    0.00    0.00    0.00    0.00   97.94
23时28分44秒   16    1.05    0.00    0.00    0.00    0.00    0.00    0.00    0.00    0.00   98.95
23时28分44秒   17    0.00    0.00    1.05    0.00    0.00    0.00    0.00    0.00    0.00   98.95
23时28分44秒   18    0.00    0.00    0.00    0.00    0.00    0.00    0.00    0.00    0.00  100.00
23时28分44秒   19    0.00    0.00    0.00    0.00    0.00    0.00    0.00    0.00    0.00  100.00
23时28分44秒   20    0.00    0.00    0.00    0.00    0.00    0.00    0.00    0.00    0.00  100.00
23时28分44秒   21    0.00    0.00    0.00    0.00    0.00    0.00    0.00    0.00    0.00  100.00
23时28分44秒   22    0.00    0.00    0.00    0.00    0.00    0.00    0.00    0.00    0.00  100.00
23时28分44秒   23    0.00    0.00    0.00    0.00    0.00    0.00    0.00    0.00    0.00  100.00
23时28分44秒   24    0.00    0.00    0.00    0.00    0.00    0.00    0.00    0.00    0.00  100.00
23时28分44秒   25    0.00    0.00    0.00    0.00    0.00    0.00    0.00    0.00    0.00  100.00
23时28分44秒   26    0.00    0.00    0.00    0.00    0.00    0.00    0.00    0.00    0.00  100.00
23时28分44秒   27    1.05    0.00    0.00    0.00    0.00    0.00    0.00    0.00    0.00   98.95
23时28分44秒   28    1.03    0.00    0.00    0.00    0.00    0.00    0.00    0.00    0.00   98.97
23时28分44秒   29    0.00    0.00    0.00    0.00    0.00    0.00    0.00    0.00    0.00  100.00
23时28分44秒   30    0.00    0.00    0.00    0.00    0.00    0.00    0.00    0.00    0.00  100.00
23时28分44秒   31    0.00    0.00    1.05    0.00    0.00    0.00    0.00    0.00    0.00   98.95
23时28分44秒   32    0.00    0.00    0.00    0.00    0.00    0.00    0.00    0.00    0.00  100.00
23时28分44秒   33    0.00    0.00    0.00    0.00    0.00    0.00    0.00    0.00    0.00  100.00
23时28分44秒   34    0.00    0.00    0.00    0.00    0.00    0.00    0.00    0.00    0.00  100.00
23时28分44秒   35    0.00    0.00    1.04    0.00    0.00    0.00    0.00    0.00    0.00   98.96
23时28分44秒   36    0.00    0.00    0.00    0.00    0.00    0.00    0.00    0.00    0.00  100.00
23时28分44秒   37    0.00    0.00    0.00    0.00    0.00    0.00    0.00    0.00    0.00  100.00
23时28分44秒   38    0.00    0.00    0.00    0.00    0.00    0.00    0.00    0.00    0.00  100.00
23时28分44秒   39    0.00    0.00    1.05    0.00    0.00    0.00    0.00    0.00    0.00   98.95
23时28分44秒   40    1.04    0.00    0.00    0.00    0.00    0.00    0.00    0.00    0.00   98.96
23时28分44秒   41    0.00    0.00    1.04    0.00    0.00    0.00    0.00    0.00    0.00   98.96
23时28分44秒   42    0.00    0.00    0.00    0.00    0.00    0.00    0.00    0.00    0.00  100.00
23时28分44秒   43    1.04    0.00    0.00    0.00    0.00    0.00    0.00    0.00    0.00   98.96
23时28分44秒   44    1.05    0.00    0.00    0.00    0.00    0.00    0.00    0.00    0.00   98.95
23时28分44秒   45    1.04    0.00    0.00    0.00    0.00    0.00    0.00    0.00    0.00   98.96
23时28分44秒   46    0.00    0.00    0.00    0.00    0.00    0.00    0.00    0.00    0.00  100.00
23时28分44秒   47    0.00    0.00    0.00    0.00    0.00    0.00    0.00    0.00    0.00  100.00
23时28分44秒   48    0.00    0.00    0.00    0.00    0.00    0.00    0.00    0.00    0.00  100.00
23时28分44秒   49    2.02    0.00    5.05    0.00    0.00    0.00    0.00    0.00    0.00   92.93
23时28分44秒   50    1.00    0.00    2.00    0.00    0.00    0.00    0.00    0.00    0.00   97.00
23时28分44秒   51    0.00    0.00    0.00    0.00    0.00    0.00    0.00    0.00    0.00  100.00
23时28分44秒   52    0.00    0.00    0.00    0.00    0.00    0.00    0.00    0.00    0.00  100.00
23时28分44秒   53    0.00    0.00    1.00    0.00    0.00    0.00    0.00    0.00    0.00   99.00
23时28分44秒   54    0.00    0.00    0.00    0.00    0.00    0.00    0.00    0.00    0.00  100.00
23时28分44秒   55    0.00    0.00    0.00    0.00    0.00    0.00    0.00    0.00    0.00  100.00
23时28分44秒   56    0.00    0.00    0.00    0.00    0.00    0.00    0.00    0.00    0.00  100.00
23时28分44秒   57    0.00    0.00    0.00    0.00    0.00    0.00    0.00    0.00    0.00  100.00
23时28分44秒   58    0.00    0.00    0.00    0.00    0.00    0.00    0.00    0.00    0.00  100.00
23时28分44秒   59    0.00    0.00    0.00    0.00    0.00    0.00    0.00    0.00    0.00  100.00
23时28分44秒   60    0.00    0.00    0.00    0.00    0.00    0.00    0.00    0.00    0.00  100.00
23时28分44秒   61    0.00    0.00    0.00    0.00    0.00    0.00    0.00    0.00    0.00  100.00
23时28分44秒   62    0.00    0.00    0.00    0.00    0.00    0.00    0.00    0.00    0.00  100.00
23时28分44秒   63    0.00    0.00    0.00    0.00    0.00    0.00    0.00    0.00    0.00  100.00
23时28分44秒   64    0.00    0.00    0.00    0.00    0.00    0.00    0.00    0.00    0.00  100.00
23时28分44秒   65    0.00    0.00    0.00    0.00    0.00    0.00    0.00    0.00    0.00  100.00
23时28分44秒   66    0.00    0.00    0.00    0.00    0.00    0.00    0.00    0.00    0.00  100.00
23时28分44秒   67    1.01    0.00    0.00    0.00    0.00    0.00    0.00    0.00    0.00   98.99
23时28分44秒   68    0.00    0.00    0.00    0.00    0.00    0.00    0.00    0.00    0.00  100.00
23时28分44秒   69    0.00    0.00    0.00    0.00    0.00    0.00    0.00    0.00    0.00  100.00
23时28分44秒   70    0.00    0.00    0.00    0.00    0.00    0.00    0.00    0.00    0.00  100.00
23时28分44秒   71    0.00    0.00    0.00    0.00    0.00    0.00    0.00    0.00    0.00  100.00
23时28分44秒   72    0.00    0.00    0.00    0.00    0.00    0.00    0.00    0.00    0.00  100.00
23时28分44秒   73    2.02    0.00    4.04    0.00    0.00    0.00    0.00    0.00    0.00   93.94
23时28分44秒   74    1.98    0.00    0.99    0.00    0.00    0.00    0.00    0.00    0.00   97.03
23时28分44秒   75    0.00    0.00    0.00    0.00    0.00    0.00    0.00    0.00    0.00  100.00
23时28分44秒   76    0.00    0.00    0.00    0.00    0.00    0.00    0.00    0.00    0.00  100.00
23时28分44秒   77    0.00    0.00    0.00    0.00    0.00    0.00    0.00    0.00    0.00  100.00
23时28分44秒   78    0.00    0.00    0.99    0.00    0.00    0.00    0.00    0.00    0.00   99.01
23时28分44秒   79    0.00    0.00    0.00    0.00    0.00    0.00    0.00    0.00    0.00  100.00
23时28分44秒   80    0.00    0.00    0.00    0.00    0.00    0.00    0.00    0.00    0.00  100.00
23时28分44秒   81    0.00    0.00    0.00    0.00    0.00    0.00    0.00    0.00    0.00  100.00
23时28分44秒   82    0.00    0.00    0.00    0.00    0.00    0.00    0.00    0.00    0.00  100.00
23时28分44秒   83    0.00    0.00    0.00    0.00    0.00    0.00    0.00    0.00    0.00  100.00
23时28分44秒   84    0.00    0.00    0.00    0.00    0.00    0.00    0.00    0.00    0.00  100.00
23时28分44秒   85    0.00    0.00    0.00    0.00    0.00    0.00    0.00    0.00    0.00  100.00
23时28分44秒   86    0.00    0.00    0.00    0.00    0.00    0.00    0.00    0.00    0.00  100.00
23时28分44秒   87    0.00    0.00    0.00    0.00    0.00    0.00    0.00    0.00    0.00  100.00
23时28分44秒   88    0.00    0.00    0.00    0.00    0.00    0.00    0.00    0.00    0.00  100.00
23时28分44秒   89    0.00    0.00    0.00    0.00    0.00    0.00    0.00    0.00    0.00  100.00
23时28分44秒   90    0.00    0.00    0.00    0.00    0.00    0.00    0.00    0.00    0.00  100.00
23时28分44秒   91    0.00    0.00    0.00    0.00    0.00    0.00    0.00    0.00    0.00  100.00
23时28分44秒   92    0.00    0.00    0.00    0.00    0.00    0.00    0.00    0.00    0.00  100.00
23时28分44秒   93    0.00    0.00    0.00    0.00    0.00    0.00    0.00    0.00    0.00  100.00
23时28分44秒   94    0.00    0.00    0.00    0.00    0.00    0.00    0.00    0.00    0.00  100.00
23时28分44秒   95    0.00    0.00    0.00    0.00    0.00    0.00    0.00    0.00    0.00  100.00
