Linux 3.10.0-957.el7.x86_64 (newmem5) 	2021年02月08日 	_x86_64_	(96 CPU)

23时28分42秒  CPU    %usr   %nice    %sys %iowait    %irq   %soft  %steal  %guest  %gnice   %idle
23时28分43秒  all    0.19    0.00    0.14    0.00    0.00    0.03    0.00    0.00    0.00   99.64
23时28分43秒    0    0.00    0.00    0.00    0.00    0.00    1.05    0.00    0.00    0.00   98.95
23时28分43秒    1    0.00    0.00    0.00    0.00    0.00    0.00    0.00    0.00    0.00  100.00
23时28分43秒    2    0.00    0.00    0.00    0.00    0.00    0.00    0.00    0.00    0.00  100.00
23时28分43秒    3    1.04    0.00    0.00    0.00    0.00    0.00    0.00    0.00    0.00   98.96
23时28分43秒    4    1.02    0.00    1.02    0.00    0.00    0.00    0.00    0.00    0.00   97.96
23时28分43秒    5    0.00    0.00    0.00    0.00    0.00    0.00    0.00    0.00    0.00  100.00
23时28分43秒    6    0.00    0.00    0.00    0.00    0.00    0.00    0.00    0.00    0.00  100.00
23时28分43秒    7    1.02    0.00    0.00    0.00    0.00    0.00    0.00    0.00    0.00   98.98
23时28分43秒    8    1.02    0.00    1.02    0.00    0.00    0.00    0.00    0.00    0.00   97.96
23时28分43秒    9    0.00    0.00    0.00    0.00    0.00    0.00    0.00    0.00    0.00  100.00
23时28分43秒   10    0.00    0.00    0.00    0.00    0.00    0.00    0.00    0.00    0.00  100.00
23时28分43秒   11    1.03    0.00    1.03    0.00    0.00    0.00    0.00    0.00    0.00   97.94
23时28分43秒   12    0.00    0.00    0.00    0.00    0.00    0.00    0.00    0.00    0.00  100.00
23时28分43秒   13    0.00    0.00    0.00    0.00    0.00    0.00    0.00    0.00    0.00  100.00
23时28分43秒   14    0.00    0.00    0.00    0.00    0.00    0.00    0.00    0.00    0.00  100.00
23时28分43秒   15    0.00    0.00    1.04    0.00    0.00    0.00    0.00    0.00    0.00   98.96
23时28分43秒   16    1.04    0.00    0.00    0.00    0.00    0.00    0.00    0.00    0.00   98.96
23时28分43秒   17    0.00    0.00    1.04    0.00    0.00    0.00    0.00    0.00    0.00   98.96
23时28分43秒   18    1.04    0.00    0.00    0.00    0.00    0.00    0.00    0.00    0.00   98.96
23时28分43秒   19    1.04    0.00    0.00    0.00    0.00    0.00    0.00    0.00    0.00   98.96
23时28分43秒   20    0.00    0.00    0.00    0.00    0.00    0.00    0.00    0.00    0.00  100.00
23时28分43秒   21    0.00    0.00    0.00    0.00    0.00    0.00    0.00    0.00    0.00  100.00
23时28分43秒   22    0.00    0.00    0.00    0.00    0.00    0.00    0.00    0.00    0.00  100.00
23时28分43秒   23    1.04    0.00    0.00    0.00    0.00    0.00    0.00    0.00    0.00   98.96
23时28分43秒   24    1.04    0.00    0.00    0.00    0.00    0.00    0.00    0.00    0.00   98.96
23时28分43秒   25    1.04    0.00    0.00    0.00    0.00    0.00    0.00    0.00    0.00   98.96
23时28分43秒   26    0.00    0.00    0.00    0.00    0.00    0.00    0.00    0.00    0.00  100.00
23时28分43秒   27    0.00    0.00    0.00    0.00    0.00    0.00    0.00    0.00    0.00  100.00
23时28分43秒   28    0.00    0.00    1.04    0.00    0.00    0.00    0.00    0.00    0.00   98.96
23时28分43秒   29    1.05    0.00    1.05    0.00    0.00    0.00    0.00    0.00    0.00   97.89
23时28分43秒   30    1.04    0.00    0.00    0.00    0.00    0.00    0.00    0.00    0.00   98.96
23时28分43秒   31    1.04    0.00    0.00    0.00    0.00    0.00    0.00    0.00    0.00   98.96
23时28分43秒   32    0.00    0.00    0.00    0.00    0.00    0.00    0.00    0.00    0.00  100.00
23时28分43秒   33    0.00    0.00    0.00    0.00    0.00    0.00    0.00    0.00    0.00  100.00
23时28分43秒   34    1.04    0.00    1.04    0.00    0.00    0.00    0.00    0.00    0.00   97.92
23时28分43秒   35    1.05    0.00    0.00    0.00    0.00    0.00    0.00    0.00    0.00   98.95
23时28分43秒   36    0.00    0.00    0.00    0.00    0.00    0.00    0.00    0.00    0.00  100.00
23时28分43秒   37    0.00    0.00    0.00    0.00    0.00    0.00    0.00    0.00    0.00  100.00
23时28分43秒   38    0.00    0.00    0.00    0.00    0.00    0.00    0.00    0.00    0.00  100.00
23时28分43秒   39    0.00    0.00    0.00    0.00    0.00    0.00    0.00    0.00    0.00  100.00
23时28分43秒   40    0.00    0.00    0.00    0.00    0.00    0.00    0.00    0.00    0.00  100.00
23时28分43秒   41    0.00    0.00    1.05    0.00    0.00    0.00    0.00    0.00    0.00   98.95
23时28分43秒   42    0.00    0.00    0.00    0.00    0.00    0.00    0.00    0.00    0.00  100.00
23时28分43秒   43    0.00    0.00    1.05    0.00    0.00    0.00    0.00    0.00    0.00   98.95
23时28分43秒   44    0.00    0.00    0.00    0.00    0.00    0.00    0.00    0.00    0.00  100.00
23时28分43秒   45    1.02    0.00    1.02    0.00    0.00    0.00    0.00    0.00    0.00   97.96
23时28分43秒   46    0.00    0.00    1.04    0.00    0.00    0.00    0.00    0.00    0.00   98.96
23时28分43秒   47    1.03    0.00    1.03    0.00    0.00    0.00    0.00    0.00    0.00   97.94
23时28分43秒   48    0.00    0.00    0.00    0.00    0.00    0.00    0.00    0.00    0.00  100.00
23时28分43秒   49    0.00    0.00    0.00    0.00    0.00    0.00    0.00    0.00    0.00  100.00
23时28分43秒   50    0.00    0.00    0.00    0.00    0.00    0.00    0.00    0.00    0.00  100.00
23时28分43秒   51    0.00    0.00    0.00    0.00    0.00    0.00    0.00    0.00    0.00  100.00
23时28分43秒   52    0.00    0.00    0.00    0.00    0.00    0.00    0.00    0.00    0.00  100.00
23时28分43秒   53    0.00    0.00    0.00    0.00    0.00    0.00    0.00    0.00    0.00  100.00
23时28分43秒   54    0.00    0.00    0.00    0.00    0.00    0.00    0.00    0.00    0.00  100.00
23时28分43秒   55    0.00    0.00    0.00    0.00    0.00    0.00    0.00    0.00    0.00  100.00
23时28分43秒   56    0.00    0.00    0.00    0.00    0.00    0.00    0.00    0.00    0.00  100.00
23时28分43秒   57    0.00    0.00    0.00    0.00    0.00    0.00    0.00    0.00    0.00  100.00
23时28分43秒   58    0.00    0.00    0.00    0.00    0.00    0.00    0.00    0.00    0.00  100.00
23时28分43秒   59    0.00    0.00    0.00    0.00    0.00    0.00    0.00    0.00    0.00  100.00
23时28分43秒   60    0.00    0.00    0.00    0.00    0.00    0.00    0.00    0.00    0.00  100.00
23时28分43秒   61    0.00    0.00    0.00    0.00    0.00    0.00    0.00    0.00    0.00  100.00
23时28分43秒   62    0.00    0.00    0.00    0.00    0.00    0.00    0.00    0.00    0.00  100.00
23时28分43秒   63    0.00    0.00    0.00    0.00    0.00    0.00    0.00    0.00    0.00  100.00
23时28分43秒   64    0.00    0.00    0.99    0.00    0.00    0.00    0.00    0.00    0.00   99.01
23时28分43秒   65    0.00    0.00    0.00    0.00    0.00    0.00    0.00    0.00    0.00  100.00
23时28分43秒   66    0.00    0.00    0.00    0.00    0.00    0.00    0.00    0.00    0.00  100.00
23时28分43秒   67    0.00    0.00    0.00    0.00    0.00    0.00    0.00    0.00    0.00  100.00
23时28分43秒   68    0.00    0.00    0.00    0.00    0.00    0.00    0.00    0.00    0.00  100.00
23时28分43秒   69    0.00    0.00    0.00    0.00    0.00    0.00    0.00    0.00    0.00  100.00
23时28分43秒   70    0.00    0.00    0.00    0.00    0.00    0.00    0.00    0.00    0.00  100.00
23时28分43秒   71    0.00    0.00    0.00    0.00    0.00    0.00    0.00    0.00    0.00  100.00
23时28分43秒   72    0.00    0.00    0.00    0.00    0.00    0.00    0.00    0.00    0.00  100.00
23时28分43秒   73    0.00    0.00    0.00    0.00    0.00    0.00    0.00    0.00    0.00  100.00
23时28分43秒   74    0.00    0.00    0.00    0.00    0.00    0.00    0.00    0.00    0.00  100.00
23时28分43秒   75    0.00    0.00    0.00    0.00    0.00    0.00    0.00    0.00    0.00  100.00
23时28分43秒   76    0.00    0.00    0.99    0.00    0.00    0.00    0.00    0.00    0.00   99.01
23时28分43秒   77    0.00    0.00    0.00    0.00    0.00    0.00    0.00    0.00    0.00  100.00
23时28分43秒   78    0.00    0.00    0.00    0.00    0.00    0.00    0.00    0.00    0.00  100.00
23时28分43秒   79    0.00    0.00    0.00    0.00    0.00    0.00    0.00    0.00    0.00  100.00
23时28分43秒   80    0.00    0.00    0.00    0.00    0.00    0.00    0.00    0.00    0.00  100.00
23时28分43秒   81    0.00    0.00    0.00    0.00    0.00    0.00    0.00    0.00    0.00  100.00
23时28分43秒   82    0.00    0.00    0.00    0.00    0.00    0.00    0.00    0.00    0.00  100.00
23时28分43秒   83    0.00    0.00    0.00    0.00    0.00    0.00    0.00    0.00    0.00  100.00
23时28分43秒   84    0.00    0.00    0.00    0.00    0.00    0.00    0.00    0.00    0.00  100.00
23时28分43秒   85    1.00    0.00    1.00    0.00    0.00    0.00    0.00    0.00    0.00   98.00
23时28分43秒   86    0.00    0.00    0.00    0.00    0.00    0.00    0.00    0.00    0.00  100.00
23时28分43秒   87    0.99    0.00    0.00    0.00    0.00    0.00    0.00    0.00    0.00   99.01
23时28分43秒   88    0.00    0.00    0.00    0.00    0.00    0.00    0.00    0.00    0.00  100.00
23时28分43秒   89    0.00    0.00    0.00    0.00    0.00    0.00    0.00    0.00    0.00  100.00
23时28分43秒   90    0.00    0.00    0.00    0.00    0.00    0.00    0.00    0.00    0.00  100.00
23时28分43秒   91    0.00    0.00    0.00    0.00    0.00    0.00    0.00    0.00    0.00  100.00
23时28分43秒   92    0.00    0.00    1.00    0.00    0.00    0.00    0.00    0.00    0.00   99.00
23时28分43秒   93    0.00    0.00    0.00    0.00    0.00    0.00    0.00    0.00    0.00  100.00
23时28分43秒   94    0.00    0.00    0.00    0.00    0.00    0.00    0.00    0.00    0.00  100.00
23时28分43秒   95    0.99    0.00    0.99    0.00    0.00    0.00    0.00    0.00    0.00   98.02

23时28分43秒  CPU    %usr   %nice    %sys %iowait    %irq   %soft  %steal  %guest  %gnice   %idle
23时28分44秒  all    0.43    0.00    1.10    0.00    0.00    0.05    0.00    0.00    0.00   98.42
23时28分44秒    0    0.00    0.00    1.02    0.00    0.00    4.08    0.00    0.00    0.00   94.90
23时28分44秒    1    0.00    0.00    0.00    0.00    0.00    0.00    0.00    0.00    0.00  100.00
23时28分44秒    2    4.17    0.00    1.04    0.00    0.00    0.00    0.00    0.00    0.00   94.79
23时28分44秒    3    2.08    0.00    1.04    0.00    0.00    0.00    0.00    0.00    0.00   96.88
23时28分44秒    4    1.04    0.00    1.04    0.00    0.00    0.00    0.00    0.00    0.00   97.92
23时28分44秒    5    0.00    0.00    0.00    0.00    0.00    0.00    0.00    0.00    0.00  100.00
23时28分44秒    6    0.00    0.00    0.00    0.00    0.00    0.00    0.00    0.00    0.00  100.00
23时28分44秒    7    0.00    0.00    1.05    0.00    0.00    0.00    0.00    0.00    0.00   98.95
23时28分44秒    8    0.00    0.00    0.00    0.00    0.00    0.00    0.00    0.00    0.00  100.00
23时28分44秒    9    0.00    0.00    0.00    0.00    0.00    0.00    0.00    0.00    0.00  100.00
23时28分44秒   10    0.00    0.00    1.04    0.00    0.00    0.00    0.00    0.00    0.00   98.96
23时28分44秒   11    0.00    0.00    0.00    0.00    0.00    0.00    0.00    0.00    0.00  100.00
23时28分44秒   12    0.00    0.00    0.00    0.00    0.00    0.00    0.00    0.00    0.00  100.00
23时28分44秒   13    1.05    0.00    2.11    0.00    0.00    0.00    0.00    0.00    0.00   96.84
23时28分44秒   14    0.00    0.00    1.04    0.00    0.00    0.00    0.00    0.00    0.00   98.96
23时28分44秒   15    0.00    0.00    0.00    0.00    0.00    0.00    0.00    0.00    0.00  100.00
23时28分44秒   16    0.00    0.00    0.00    0.00    0.00    0.00    0.00    0.00    0.00  100.00
23时28分44秒   17    0.00    0.00    0.00    0.00    0.00    0.00    0.00    0.00    0.00  100.00
23时28分44秒   18    0.00    0.00    0.00    0.00    0.00    0.00    0.00    0.00    0.00  100.00
23时28分44秒   19    0.00    0.00    0.00    0.00    0.00    0.00    0.00    0.00    0.00  100.00
23时28分44秒   20    0.00    0.00    0.00    0.00    0.00    0.00    0.00    0.00    0.00  100.00
23时28分44秒   21    0.00    0.00    0.00    0.00    0.00    0.00    0.00    0.00    0.00  100.00
23时28分44秒   22    0.00    0.00    0.00    0.00    0.00    0.00    0.00    0.00    0.00  100.00
23时28分44秒   23    0.00    0.00    0.00    0.00    0.00    0.00    0.00    0.00    0.00  100.00
23时28分44秒   24    0.00    0.00    0.00    0.00    0.00    0.00    0.00    0.00    0.00  100.00
23时28分44秒   25    0.00    0.00    0.00    0.00    0.00    0.00    0.00    0.00    0.00  100.00
23时28分44秒   26    1.05    0.00    0.00    0.00    0.00    0.00    0.00    0.00    0.00   98.95
23时28分44秒   27    1.05    0.00    1.05    0.00    0.00    0.00    0.00    0.00    0.00   97.89
23时28分44秒   28    1.05    0.00    0.00    0.00    0.00    0.00    0.00    0.00    0.00   98.95
23时28分44秒   29    2.13    0.00    1.06    0.00    0.00    0.00    0.00    0.00    0.00   96.81
23时28分44秒   30    0.00    0.00    1.05    0.00    0.00    0.00    0.00    0.00    0.00   98.95
23时28分44秒   31    0.00    0.00    1.05    0.00    0.00    0.00    0.00    0.00    0.00   98.95
23时28分44秒   32    0.00    0.00    0.00    0.00    0.00    0.00    0.00    0.00    0.00  100.00
23时28分44秒   33    0.00    0.00    1.05    0.00    0.00    0.00    0.00    0.00    0.00   98.95
23时28分44秒   34    0.00    0.00    0.00    0.00    0.00    0.00    0.00    0.00    0.00  100.00
23时28分44秒   35    0.00    0.00    0.00    0.00    0.00    0.00    0.00    0.00    0.00  100.00
23时28分44秒   36    0.00    0.00    1.04    0.00    0.00    0.00    0.00    0.00    0.00   98.96
23时28分44秒   37    0.00    0.00    1.04    0.00    0.00    0.00    0.00    0.00    0.00   98.96
23时28分44秒   38    0.00    0.00    0.00    0.00    0.00    0.00    0.00    0.00    0.00  100.00
23时28分44秒   39    0.00    0.00    0.00    0.00    0.00    0.00    0.00    0.00    0.00  100.00
23时28分44秒   40    0.00    0.00    0.00    0.00    0.00    0.00    0.00    0.00    0.00  100.00
23时28分44秒   41    0.00    0.00    0.00    0.00    0.00    0.00    0.00    0.00    0.00  100.00
23时28分44秒   42    0.00    0.00    0.00    0.00    0.00    0.00    0.00    0.00    0.00  100.00
23时28分44秒   43    0.00    0.00    0.00    0.00    0.00    0.00    0.00    0.00    0.00  100.00
23时28分44秒   44    0.00    0.00    0.00    0.00    0.00    0.00    0.00    0.00    0.00  100.00
23时28分44秒   45    0.00    0.00    0.00    0.00    0.00    0.00    0.00    0.00    0.00  100.00
23时28分44秒   46    0.00    0.00    0.00    0.00    0.00    0.00    0.00    0.00    0.00  100.00
23时28分44秒   47    0.00    0.00    0.00    0.00    0.00    0.00    0.00    0.00    0.00  100.00
23时28分44秒   48    0.00    0.00    0.00    0.00    0.00    0.00    0.00    0.00    0.00  100.00
23时28分44秒   49    1.02    0.00    6.12    0.00    0.00    0.00    0.00    0.00    0.00   92.86
23时28分44秒   50    2.04    0.00    8.16    0.00    0.00    0.00    0.00    0.00    0.00   89.80
23时28分44秒   51    1.02    0.00    6.12    0.00    0.00    0.00    0.00    0.00    0.00   92.86
23时28分44秒   52    0.00    0.00    1.02    0.00    0.00    0.00    0.00    0.00    0.00   98.98
23时28分44秒   53    1.00    0.00    8.00    0.00    0.00    0.00    0.00    0.00    0.00   91.00
23时28分44秒   54    2.02    0.00   10.10    0.00    0.00    0.00    0.00    0.00    0.00   87.88
23时28分44秒   55    1.00    0.00    0.00    0.00    0.00    0.00    0.00    0.00    0.00   99.00
23时28分44秒   56    0.00    0.00    0.00    0.00    0.00    0.00    0.00    0.00    0.00  100.00
23时28分44秒   57    0.00    0.00    1.00    0.00    0.00    0.00    0.00    0.00    0.00   99.00
23时28分44秒   58    0.00    0.00    0.00    0.00    0.00    0.00    0.00    0.00    0.00  100.00
23时28分44秒   59    0.00    0.00    1.00    0.00    0.00    0.00    0.00    0.00    0.00   99.00
23时28分44秒   60    0.00    0.00    0.00    0.00    0.00    0.00    0.00    0.00    0.00  100.00
23时28分44秒   61    0.00    0.00    0.00    0.00    0.00    0.00    0.00    0.00    0.00  100.00
23时28分44秒   62    0.00    0.00    1.00    0.00    0.00    0.00    0.00    0.00    0.00   99.00
23时28分44秒   63    2.00    0.00    7.00    0.00    0.00    0.00    0.00    0.00    0.00   91.00
23时28分44秒   64    0.00    0.00    0.00    0.00    0.00    0.00    0.00    0.00    0.00  100.00
23时28分44秒   65    0.00    0.00    0.00    0.00    0.00    0.00    0.00    0.00    0.00  100.00
23时28分44秒   66    0.00    0.00    0.00    0.00    0.00    0.00    0.00    0.00    0.00  100.00
23时28分44秒   67    0.00    0.00    0.00    0.00    0.00    0.00    0.00    0.00    0.00  100.00
23时28分44秒   68    0.00    0.00    0.00    0.00    0.00    0.00    0.00    0.00    0.00  100.00
23时28分44秒   69    0.00    0.00    0.00    0.00    0.00    0.00    0.00    0.00    0.00  100.00
23时28分44秒   70    0.00    0.00    0.00    0.00    0.00    0.00    0.00    0.00    0.00  100.00
23时28分44秒   71    0.00    0.00    0.00    0.00    0.00    0.00    0.00    0.00    0.00  100.00
23时28分44秒   72    0.00    0.00    0.00    0.00    0.00    0.00    0.00    0.00    0.00  100.00
23时28分44秒   73    3.00    0.00    8.00    0.00    0.00    0.00    0.00    0.00    0.00   89.00
23时28分44秒   74    1.02    0.00    1.02    0.00    0.00    0.00    0.00    0.00    0.00   97.96
23时28分44秒   75    3.96    0.00    7.92    0.00    0.00    0.00    0.00    0.00    0.00   88.12
23时28分44秒   76    2.02    0.00   12.12    0.00    0.00    0.00    0.00    0.00    0.00   85.86
23时28分44秒   77    0.00    0.00    1.01    0.00    0.00    0.00    0.00    0.00    0.00   98.99
23时28分44秒   78    0.00    0.00    0.00    0.00    0.00    0.00    0.00    0.00    0.00  100.00
23时28分44秒   79    0.00    0.00    0.00    0.00    0.00    0.00    0.00    0.00    0.00  100.00
23时28分44秒   80    0.00    0.00    1.00    0.00    0.00    0.00    0.00    0.00    0.00   99.00
23时28分44秒   81    0.00    0.00    0.00    0.00    0.00    0.00    0.00    0.00    0.00  100.00
23时28分44秒   82    2.00    0.00    5.00    0.00    0.00    0.00    0.00    0.00    0.00   93.00
23时28分44秒   83    0.00    0.00    0.00    0.00    0.00    0.00    0.00    0.00    0.00  100.00
23时28分44秒   84    0.00    0.00    0.00    0.00    0.00    0.00    0.00    0.00    0.00  100.00
23时28分44秒   85    0.00    0.00    0.00    0.00    0.00    0.00    0.00    0.00    0.00  100.00
23时28分44秒   86    0.00    0.00    0.00    0.00    0.00    0.00    0.00    0.00    0.00  100.00
23时28分44秒   87    0.00    0.00    0.00    0.00    0.00    0.00    0.00    0.00    0.00  100.00
23时28分44秒   88    0.00    0.00    0.00    0.00    0.00    0.00    0.00    0.00    0.00  100.00
23时28分44秒   89    0.00    0.00    0.00    0.00    0.00    0.00    0.00    0.00    0.00  100.00
23时28分44秒   90    0.00    0.00    0.00    0.00    0.00    0.00    0.00    0.00    0.00  100.00
23时28分44秒   91    0.00    0.00    0.00    0.00    0.00    0.00    0.00    0.00    0.00  100.00
23时28分44秒   92    0.00    0.00    0.00    0.00    0.00    0.00    0.00    0.00    0.00  100.00
23时28分44秒   93    0.00    0.00    0.00    0.00    0.00    0.00    0.00    0.00    0.00  100.00
23时28分44秒   94    0.00    0.00    0.00    0.00    0.00    0.00    0.00    0.00    0.00  100.00
23时28分44秒   95    0.00    0.00    0.00    0.00    0.00    0.00    0.00    0.00    0.00  100.00

23时28分44秒  CPU    %usr   %nice    %sys %iowait    %irq   %soft  %steal  %guest  %gnice   %idle
23时28分45秒  all    0.28    0.00    0.23    0.00    0.00    0.02    0.00    0.00    0.00   99.47
23时28分45秒    0    2.06    0.00    0.00    0.00    0.00    2.06    0.00    0.00    0.00   95.88
23时28分45秒    1    0.00    0.00    0.00    0.00    0.00    0.00    0.00    0.00    0.00  100.00
23时28分45秒    2    3.12    0.00    0.00    0.00    0.00    0.00    0.00    0.00    0.00   96.88
23时28分45秒    3    0.00    0.00    0.00    0.00    0.00    0.00    0.00    0.00    0.00  100.00
23时28分45秒    4    0.00    0.00    0.00    0.00    0.00    0.00    0.00    0.00    0.00  100.00
23时28分45秒    5    3.12    0.00    1.04    0.00    0.00    0.00    0.00    0.00    0.00   95.83
23时28分45秒    6    0.00    0.00    0.00    0.00    0.00    0.00    0.00    0.00    0.00  100.00
23时28分45秒    7    0.00    0.00    0.00    0.00    0.00    0.00    0.00    0.00    0.00  100.00
23时28分45秒    8    0.00    0.00    0.00    0.00    0.00    0.00    0.00    0.00    0.00  100.00
23时28分45秒    9    0.00    0.00    1.04    0.00    0.00    0.00    0.00    0.00    0.00   98.96
23时28分45秒   10    0.00    0.00    0.00    0.00    0.00    0.00    0.00    0.00    0.00  100.00
23时28分45秒   11    0.00    0.00    0.00    0.00    0.00    0.00    0.00    0.00    0.00  100.00
23时28分45秒   12    1.04    0.00    1.04    0.00    0.00    0.00    0.00    0.00    0.00   97.92
23时28分45秒   13    1.05    0.00    1.05    0.00    0.00    0.00    0.00    0.00    0.00   97.89
23时28分45秒   14    0.00    0.00    0.00    0.00    0.00    0.00    0.00    0.00    0.00  100.00
23时28分45秒   15    0.00    0.00    0.00    0.00    0.00    0.00    0.00    0.00    0.00  100.00
23时28分45秒   16    0.00    0.00    1.04    0.00    0.00    0.00    0.00    0.00    0.00   98.96
23时28分45秒   17    0.00    0.00    0.00    0.00    0.00    0.00    0.00    0.00    0.00  100.00
23时28分45秒   18    0.00    0.00    1.04    0.00    0.00    0.00    0.00    0.00    0.00   98.96
23时28分45秒   19    0.00    0.00    0.00    0.00    0.00    0.00    0.00    0.00    0.00  100.00
23时28分45秒   20    0.00    0.00    1.04    0.00    0.00    0.00    0.00    0.00    0.00   98.96
23时28分45秒   21    0.00    0.00    0.00    0.00    0.00    0.00    0.00    0.00    0.00  100.00
23时28分45秒   22    1.03    0.00    0.00    0.00    0.00    0.00    0.00    0.00    0.00   98.97
23时28分45秒   23    0.00    0.00    0.00    0.00    0.00    0.00    0.00    0.00    0.00  100.00
23时28分45秒   24    0.00    0.00    0.00    0.00    0.00    0.00    0.00    0.00    0.00  100.00
23时28分45秒   25    0.00    0.00    0.00    0.00    0.00    0.00    0.00    0.00    0.00  100.00
23时28分45秒   26    1.04    0.00    1.04    0.00    0.00    0.00    0.00    0.00    0.00   97.92
23时28分45秒   27    1.04    0.00    0.00    0.00    0.00    0.00    0.00    0.00    0.00   98.96
23时28分45秒   28    2.08    0.00    0.00    0.00    0.00    0.00    0.00    0.00    0.00   97.92
23时28分45秒   29    1.04    0.00    1.04    0.00    0.00    0.00    0.00    0.00    0.00   97.92
23时28分45秒   30    2.11    0.00    0.00    0.00    0.00    0.00    0.00    0.00    0.00   97.89
23时28分45秒   31    1.05    0.00    0.00    0.00    0.00    0.00    0.00    0.00    0.00   98.95
23时28分45秒   32    1.03    0.00    1.03    0.00    0.00    0.00    0.00    0.00    0.00   97.94
23时28分45秒   33    1.04    0.00    0.00    0.00    0.00    0.00    0.00    0.00    0.00   98.96
23时28分45秒   34    0.00    0.00    0.00    0.00    0.00    0.00    0.00    0.00    0.00  100.00
23时28分45秒   35    0.00    0.00    1.05    0.00    0.00    0.00    0.00    0.00    0.00   98.95
23时28分45秒   36    0.00    0.00    0.00    0.00    0.00    0.00    0.00    0.00    0.00  100.00
23时28分45秒   37    1.05    0.00    0.00    0.00    0.00    0.00    0.00    0.00    0.00   98.95
23时28分45秒   38    0.00    0.00    0.00    0.00    0.00    0.00    0.00    0.00    0.00  100.00
23时28分45秒   39    0.00    0.00    0.00    0.00    0.00    0.00    0.00    0.00    0.00  100.00
23时28分45秒   40    0.00    0.00    1.04    0.00    0.00    0.00    0.00    0.00    0.00   98.96
23时28分45秒   41    0.00    0.00    0.00    0.00    0.00    0.00    0.00    0.00    0.00  100.00
23时28分45秒   42    0.00    0.00    0.00    0.00    0.00    0.00    0.00    0.00    0.00  100.00
23时28分45秒   43    1.05    0.00    0.00    0.00    0.00    0.00    0.00    0.00    0.00   98.95
23时28分45秒   44    0.00    0.00    0.00    0.00    0.00    0.00    0.00    0.00    0.00  100.00
23时28分45秒   45    0.00    0.00    0.00    0.00    0.00    0.00    0.00    0.00    0.00  100.00
23时28分45秒   46    1.05    0.00    0.00    0.00    0.00    0.00    0.00    0.00    0.00   98.95
23时28分45秒   47    0.00    0.00    0.00    0.00    0.00    0.00    0.00    0.00    0.00  100.00
23时28分45秒   48    0.00    0.00    0.00    0.00    0.00    0.00    0.00    0.00    0.00  100.00
23时28分45秒   49    1.00    0.00    2.00    0.00    0.00    0.00    0.00    0.00    0.00   97.00
23时28分45秒   50    0.00    0.00    0.00    0.00    0.00    0.00    0.00    0.00    0.00  100.00
23时28分45秒   51    0.00    0.00    0.99    0.00    0.00    0.00    0.00    0.00    0.00   99.01
23时28分45秒   52    0.00    0.00    0.00    0.00    0.00    0.00    0.00    0.00    0.00  100.00
23时28分45秒   53    0.00    0.00    0.00    0.00    0.00    0.00    0.00    0.00    0.00  100.00
23时28分45秒   54    0.00    0.00    0.00    0.00    0.00    0.00    0.00    0.00    0.00  100.00
23时28分45秒   55    0.00    0.00    0.99    0.00    0.00    0.00    0.00    0.00    0.00   99.01
23时28分45秒   56    0.00    0.00    0.00    0.00    0.00    0.00    0.00    0.00    0.00  100.00
23时28分45秒   57    0.00    0.00    0.00    0.00    0.00    0.00    0.00    0.00    0.00  100.00
23时28分45秒   58    0.00    0.00    0.00    0.00    0.00    0.00    0.00    0.00    0.00  100.00
23时28分45秒   59    0.00    0.00    0.00    0.00    0.00    0.00    0.00    0.00    0.00  100.00
23时28分45秒   60    0.00    0.00    0.00    0.00    0.00    0.00    0.00    0.00    0.00  100.00
23时28分45秒   61    0.00    0.00    0.00    0.00    0.00    0.00    0.00    0.00    0.00  100.00
23时28分45秒   62    0.00    0.00    0.00    0.00    0.00    0.00    0.00    0.00    0.00  100.00
23时28分45秒   63    0.00    0.00    0.00    0.00    0.00    0.00    0.00    0.00    0.00  100.00
23时28分45秒   64    0.00    0.00    0.00    0.00    0.00    0.00    0.00    0.00    0.00  100.00
23时28分45秒   65    0.00    0.00    0.00    0.00    0.00    0.00    0.00    0.00    0.00  100.00
23时28分45秒   66    0.00    0.00    0.00    0.00    0.00    0.00    0.00    0.00    0.00  100.00
23时28分45秒   67    0.00    0.00    0.00    0.00    0.00    0.00    0.00    0.00    0.00  100.00
23时28分45秒   68    0.00    0.00    0.00    0.00    0.00    0.00    0.00    0.00    0.00  100.00
23时28分45秒   69    0.00    0.00    0.00    0.00    0.00    0.00    0.00    0.00    0.00  100.00
23时28分45秒   70    0.00    0.00    0.00    0.00    0.00    0.00    0.00    0.00    0.00  100.00
23时28分45秒   71    0.00    0.00    0.00    0.00    0.00    0.00    0.00    0.00    0.00  100.00
23时28分45秒   72    0.00    0.00    0.00    0.00    0.00    0.00    0.00    0.00    0.00  100.00
23时28分45秒   73    0.00    0.00    1.02    0.00    0.00    0.00    0.00    0.00    0.00   98.98
23时28分45秒   74    1.00    0.00    1.00    0.00    0.00    0.00    0.00    0.00    0.00   98.00
23时28分45秒   75    0.00    0.00    0.00    0.00    0.00    0.00    0.00    0.00    0.00  100.00
23时28分45秒   76    0.00    0.00    0.99    0.00    0.00    0.00    0.00    0.00    0.00   99.01
23时28分45秒   77    0.00    0.00    0.00    0.00    0.00    0.00    0.00    0.00    0.00  100.00
23时28分45秒   78    0.00    0.00    0.00    0.00    0.00    0.00    0.00    0.00    0.00  100.00
23时28分45秒   79    0.99    0.00    0.00    0.00    0.00    0.00    0.00    0.00    0.00   99.01
23时28分45秒   80    0.00    0.00    0.00    0.00    0.00    0.00    0.00    0.00    0.00  100.00
23时28分45秒   81    0.00    0.00    0.00    0.00    0.00    0.00    0.00    0.00    0.00  100.00
23时28分45秒   82    0.00    0.00    0.00    0.00    0.00    0.00    0.00    0.00    0.00  100.00
23时28分45秒   83    0.00    0.00    0.00    0.00    0.00    0.00    0.00    0.00    0.00  100.00
23时28分45秒   84    0.00    0.00    0.00    0.00    0.00    0.00    0.00    0.00    0.00  100.00
23时28分45秒   85    1.01    0.00    0.00    0.00    0.00    0.00    0.00    0.00    0.00   98.99
23时28分45秒   86    0.00    0.00    0.00    0.00    0.00    0.00    0.00    0.00    0.00  100.00
23时28分45秒   87    0.00    0.00    0.00    0.00    0.00    0.00    0.00    0.00    0.00  100.00
23时28分45秒   88    0.00    0.00    0.00    0.00    0.00    0.00    0.00    0.00    0.00  100.00
23时28分45秒   89    0.00    0.00    0.00    0.00    0.00    0.00    0.00    0.00    0.00  100.00
23时28分45秒   90    1.00    0.00    0.00    0.00    0.00    0.00    0.00    0.00    0.00   99.00
23时28分45秒   91    0.00    0.00    0.00    0.00    0.00    0.00    0.00    0.00    0.00  100.00
23时28分45秒   92    1.00    0.00    2.00    0.00    0.00    0.00    0.00    0.00    0.00   97.00
23时28分45秒   93    0.00    0.00    0.00    0.00    0.00    0.00    0.00    0.00    0.00  100.00
23时28分45秒   94    0.00    0.00    0.00    0.00    0.00    0.00    0.00    0.00    0.00  100.00
23时28分45秒   95    0.00    0.00    0.00    0.00    0.00    0.00    0.00    0.00    0.00  100.00
