procs -----------memory---------- ---swap-- -----io---- -system-- ------cpu-----
 r  b   swpd   free   buff  cache   si   so    bi    bo   in   cs us sy id wa st
 2  0      0 123417248   6964 571540    0    0     0     0    1    0  0  0 100  0  0
 0  0      0 123415240   6964 571552    0    0     0     0 1480 2487  0  0 100  0  0
 1  0      0 123415328   6964 571600    0    0     0     0 1606 2880  0  0 100  0  0
 0  0      0 123415784   6964 571620    0    0     0     0 1307 2589  0  0 100  0  0
 2  0      0 123415792   6964 571620    0    0     0     0 1397 2447  0  0 100  0  0
 1  0      0 123409936   6964 571644    0    0     0     0 1789 2858  0  0 100  0  0
 1  0      0 123409536   6964 571684    0    0     0     0 1442 2451  0  0 100  0  0
 1  0      0 123409536   6964 571704    0    0     0    16 1313 2348  0  0 100  0  0
24  0      0 122731024   6964 575604    0    0   992     0 12896 36827  4  1 95  0  0
25  0      0 122481096   6964 583004    0    0  2156    72 75372 330772 33  4 63  0  0
45  0      0 122082352   6964 590104    0    0    44    64 71770 336520 33  5 62  0  0
84  0      0 121602000   6964 593272    0    0  2392    84 78424 394349 34  4 61  0  0
76  0      0 120977736   6964 633912    0    0   284   112 86268 472517 35  5 60  0  0
31  0      0 120543216   6964 749360    0    0   880    52 85341 514645 33  5 62  0  0
 7  0      0 120153520   6964 761344    0    0  2820   904 74292 402814 32  4 64  0  0
24  0      0 121161760   6980 776924    0    0 16084    88 90481 416659 29  5 67  0  0
75  0      0 120595832   6996 788108    0    0  9556     0 134180 451003 36  4 60  0  0
66  0      0 119928768   7044 821588    0    0 27472    92 99246 494740 38  5 57  0  0
40  0      0 119588928   7044 827140    0    0   420     0 125849 490125 37  5 58  0  0
 9  0      0 119520416   7044 828536    0    0     8     0 86954 434087 34  4 62  0  0
32  0      0 120293656   7044 825724    0    0     8   172 81884 435683 31  5 64  0  0
procs -----------memory---------- ---swap-- -----io---- -system-- ------cpu-----
 r  b   swpd   free   buff  cache   si   so    bi    bo   in   cs us sy id wa st
38  0      0 119827232   7064 834272    0    0  6860    84 82009 434835 36  5 59  0  0
62  0      0 119393504   7072 838344    0    0  4588    48 85405 503962 39  5 57  0  0
11  0      0 119076296   7072 838608    0    0    64     0 78369 491492 30  4 65  0  0
11  0      0 119322000   7072 838756    0    0   128     0 73574 420933 26  4 69  0  0
36  0      0 119878160   7072 840184    0    0     0   172 77224 423408 28  5 68  0  0
46  0      0 119406568   7080 838616    0    0     0    24 81157 514303 32  5 63  0  0
13  0      0 119066776   7080 839164    0    0     0    28 78637 516889 31  5 64  0  0
 5  0      0 119070720   7080 838996    0    0     0     0 68466 411862 26  4 70  0  0
30  0      0 119980464   7080 838644    0    0  1636   128 77266 432235 28  5 68  0  0
57  0      0 119548760   7080 845444    0    0  4444    52 81258 441465 33  5 62  0  0
48  0      0 119278176   7080 847908    0    0  1156     0 100126 477196 47  6 47  0  0
24  0      0 118844160   7080 864212    0    0   716   372 86959 480619 34  4 62  0  0
 8  0      0 119255392   7080 848984    0    0    56     0 71978 420825 25  4 71  0  0
 0  0      0 122883280   7080 762336    0    0   248     0 54043 196635 14  3 82  0  0
