procs -----------memory---------- ---swap-- -----io---- -system-- ------cpu-----
 r  b   swpd   free   buff  cache   si   so    bi    bo   in   cs us sy id wa st
 2  0      0 308995648 216516 190169024    0    0     0    13    0    0  0  0 100  0  0
 0  0      0 308992160 216516 190169088    0    0     0     0 1448 2740  0  0 100  0  0
 0  0      0 308992160 216516 190169088    0    0     0     8 1310 2562  0  0 100  0  0
 0  0      0 308992320 216516 190169088    0    0     0     0 1268 2566  0  0 100  0  0
 1  0      0 308992576 216516 190169104    0    0     0   356 1401 2414  0  0 100  0  0
 2  0      0 308986208 216516 190169120    0    0     0     0 1810 2805  0  0 100  0  0
 1  0      0 308986304 216516 190169152    0    0     0     0 1229 2341  0  0 100  0  0
 1  0      0 308983744 216516 190169184    0    0     0     8 1288 2383  0  0 100  0  0
24  0      0 308356192 216516 190171856    0    0     0     0 12517 36870  3  1 95  0  0
27  0      0 308127232 216516 190174672    0    0     0    88 75177 344278 33  4 62  0  0
31  0      0 307728064 216516 190178336    0    0     0    80 75253 336118 34  5 61  0  0
61  0      0 307292320 216516 190180320    0    0     0    40 75096 358064 33  5 62  0  0
75  0      0 306809216 216516 190219712    0    0     0    68 92995 437584 35  5 61  0  0
65  0      0 306202144 216516 190328928    0    0     0     0 90460 471654 35  6 59  0  0
39  0      0 305616480 216516 190335264    0    0     0   108 82367 441805 37  6 57  0  0
 4  0      0 305558688 216516 190334176    0    0     0     0 75180 405697 29  4 67  0  0
19  0      0 306056320 216516 190336416    0    0     0     0 171259 400828 32  5 63  0  0
47  0      0 306041600 216516 190338176    0    0     0     0 92905 408972 33  5 62  0  0
75  0      0 305713984 216516 190343136    0    0     0     0 177107 493003 39  5 56  0  0
41  0      0 305245984 216516 190341920    0    0     0     0 95508 468292 39  5 56  0  0
43  0      0 305114432 216516 190343104    0    0     0     0 82795 484394 35  5 60  0  0
procs -----------memory---------- ---swap-- -----io---- -system-- ------cpu-----
 r  b   swpd   free   buff  cache   si   so    bi    bo   in   cs us sy id wa st
31  0      0 304980864 216516 190342864    0    0     0     0 81208 446050 33  6 61  0  0
93  0      0 305040832 216516 190343632    0    0     0    24 89406 436852 33  8 59  0  0
18  0      0 305525600 216516 190344912    0    0     0     0 82456 461934 29  6 66  0  0
52  0      0 305244096 216516 190346272    0    0     0     0 81214 523290 31  6 63  0  0
11  0      0 304849888 216516 190345824    0    0     0     0 76482 514052 30  4 66  0  0
17  0      0 304939776 216516 190346528    0    0     0     0 75936 467783 26  4 69  0  0
30  0      0 305432000 216516 190347136    0    0     0    44 77898 432190 26  5 69  0  0
46  0      0 305191008 216516 190348064    0    0     0     0 84803 539000 34  5 61  0  0
39  0      0 304905568 216516 190346144    0    0     0    28 79025 519702 31  5 64  0  0
 9  0      0 304719808 216516 190345232    0    0     0     0 87994 389535 41  6 54  0  0
17  0      0 305071744 216516 190359712    0    0     0     0 82227 455420 31  4 65  0  0
27  0      0 305472416 216516 190365056    0    0     0   380 82120 455221 28  5 67  0  0
60  0      0 304988544 216516 190348736    0    0     0     0 81123 534261 32  5 63  0  0
 0  0      0 308519072 216516 190259632    0    0     0  1752 52330 193945 11  3 86  0  0
 1  0      0 308637184 216516 190253728    0    0     0    96 4621 4020  0  0 99  0  0
